,2019-09-09,2019-09-10,2019-09-11,2019-09-12,2019-09-13,2019-09-14,2019-09-15,2019-09-16,2019-09-17,2019-09-18,2019-09-19,2019-09-20,2019-09-21,2019-09-22,2019-09-23,2019-09-24,2019-09-25,2019-09-26,2019-09-27,2019-09-28,2019-09-29,2019-09-30,2019-10-01,2019-10-02,2019-10-03,2019-10-04,2019-10-05,2019-10-06,2019-10-07,2019-10-08
74,278.58187063516937,267.1508496577979,252.20302106936668,238.07243340781858,232.20029164156927,222.91654721947927,213.87153719301583,205.2561364401749,195.6428866591781,183.79637501164726,182.19411058918803,212.8614238114233,298.57784421736403,416.19416774288675,498.8831859131569,577.533325968756,608.789255656968,589.8379681412276,543.5778240083932,493.94359665325396,453.8491513035054,419.50197955909283,383.00175631255553,347.6232173874881,306.68730878807673,268.876572280748,242.413216024735,232.0979294379461,249.99887595902675,273.3587110546508
76,317.05907623855296,304.01572904350866,288.0689138307453,275.337602860202,262.09514651139466,257.59710671690897,245.527126050538,237.16332822744158,226.1716640756961,217.33308209179947,216.5860863275546,238.0896382683616,299.5627471599602,397.57354232174214,490.70544239064753,566.8486699671128,619.0389891599181,625.548202229418,593.1357664268328,543.1844321842382,499.27764981959996,459.59243260717886,428.4479367434777,395.3358862353365,362.9580125700801,325.3943043492092,294.1074878213189,274.38489599752916,274.6696108694,292.398161427662
71,25.96518518518523,24.534049382716077,23.102580246913476,22.134074074074082,21.125444444444458,20.15693827160495,19.124827160493826,18.265555555555522,17.798259259259314,18.821703703703665,24.92539506172837,34.33430864197528,39.8855308641976,39.35925925925929,33.95369135802472,30.51846913580243,27.679259259259254,25.70700000000001,23.269024691358066,21.56253086419756,20.13106172839507,19.289098765432076,17.91969135802466,17.084234567901202,16.71516049382708,17.112728395061765,17.43964197530859,17.734148148148208,17.132382716049367,16.880111111111166
72,27.665039373662612,26.148114929218128,24.577943974897046,23.65971029218104,22.508891209876555,21.681612971193413,20.514196582716053,19.66375374485591,19.071316135802505,20.05911466666666,26.04389381893003,35.56117410288066,41.670918864197546,41.51891433744859,36.129979497942394,32.30528576543208,29.215342489711894,27.117116049382727,24.688689337448597,22.81924890534986,21.424806452674947,20.42230701234571,19.301380382716015,18.5601613004115,18.42470103703696,18.850583403292198,19.240681621399094,19.496061152263415,18.838735613168748,18.42430185596718
73,33.90482691193426,32.279429494650195,30.154776474248983,29.545336719619197,27.82609762870371,27.556547011934093,25.848612955061746,25.067921031769394,24.083855018209864,25.309737110185274,32.14531572818936,42.942707056893155,50.26228817993811,50.047762380658476,43.4816981047324,38.63280583240744,34.6783379267488,32.28947006944446,29.768013797633774,27.446075011831482,26.25732640205782,24.776930692592828,24.48823868240735,24.277033176028826,25.193043791357955,25.94799478137857,26.571433069855736,26.668534971399183,25.555324954526903,24.587112424794554
77,374.2463259918355,355.9673282256204,339.0359548182651,322.7684775798138,308.1557450983591,297.8249988198076,288.05829086987035,276.51032005988077,265.62194221774996,256.4053850082706,258.2835142287972,281.5202452967044,335.88948230602597,420.25689245481686,509.7246272184555,586.0079689686264,642.9276360868826,667.3772451074395,650.1678591128775,605.4750927462482,556.9610416238841,513.4252307523911,477.84124944499524,447.76553801441287,421.20028930489656,390.99497560336476,357.6273072257238,331.03903935203755,316.78361214545384,323.8594165783073
78,383.90361507467804,368.59002944302523,350.90933618244065,334.06750509583543,318.6292402248908,306.2295326580931,296.12680984901056,285.23175419367305,273.95979254085995,264.1770094751835,262.21438164617047,277.8830937221136,320.73161355214194,393.1412625965239,479.68637321508766,560.4328924245735,624.3788323431647,661.8381298673925,661.4715849069081,627.8784063619734,580.9492333693136,535.1696128377356,496.465888397151,465.01201933271085,439.2397058227505,412.1368005345584,380.20660601270424,350.1864297808881,329.1486582222712,326.8926052868403
222,418.8791134531039,406.0008835685112,388.0688936354273,369.03039560475776,352.1887196450207,336.8119277513863,325.1758340603437,314.0309349426328,302.2242204845076,292.6761590154143,292.5574854471025,309.6744619861975,350.9828766187138,415.2119238812989,491.21679353145953,567.7696770922146,631.7582755046803,676.3318852506488,687.5486278559383,664.7617119093571,623.0098498284758,575.7161893977899,535.4553103462571,506.915356568134,493.0707271326699,476.43855251317325,447.15089615104995,412.57300966921235,377.70396418149545,365.30683342729003
81,430.14396426977487,420.1692383500244,402.85925753815246,383.36825336114794,365.75677902552053,349.4214373958939,336.7743282459768,325.32228336993444,313.4039539966169,303.68441493258706,303.39535199605655,319.97595276277536,359.57361690360614,420.2697459238149,491.99178590989857,566.0668254615011,630.2826848354171,677.7092843313494,694.6937349242812,678.1837965093395,640.3661630953261,593.8380926541832,552.5560065931045,523.6777956052425,511.9463162650581,499.532696225568,473.1564936709376,438.2878462418169,399.7087077692144,381.6116973344157
