,2019-09-09,2019-09-10,2019-09-11,2019-09-12,2019-09-13,2019-09-14,2019-09-15,2019-09-16,2019-09-17,2019-09-18,2019-09-19,2019-09-20,2019-09-21,2019-09-22,2019-09-23,2019-09-24,2019-09-25,2019-09-26,2019-09-27,2019-09-28,2019-09-29,2019-09-30,2019-10-01,2019-10-02,2019-10-03,2019-10-04,2019-10-05,2019-10-06,2019-10-07,2019-10-08
215,71.40233086419725,66.02250740740708,61.45069259259296,59.03646172839522,55.699091358026315,53.686428395061874,52.74699629629615,50.8461111111109,49.577308641975584,51.83440740740783,54.608514814814185,132.62329999999938,210.8346296296313,194.22451481481204,163.22604074074516,138.9859259259234,117.45514444444593,99.887225925927,90.55651851851728,81.25885185185052,71.98587654321149,65.19350617284105,59.23822222222348,54.72871604938138,61.7032345678997,75.24447777777715,110.67067037037374,129.09896296295938,192.65588518518712,162.68230000000003
89,53.03741902144632,51.9939921750151,50.30966715803263,49.69276164892221,49.49542043770213,49.239083887980904,47.99161500429695,47.47110328638996,46.56783181072753,48.0878531963678,55.01741316390331,67.97074145831355,105.99125967965303,101.83950827924942,91.97803742004676,83.46107530758704,75.81527866902763,69.54553036995877,64.13043430090539,59.76901328772086,54.33977596285314,50.82616838153792,47.35149258969154,45.56098593490506,43.948004872922546,43.15663129653459,45.16097050205278,63.27497423369797,97.52409916257506,108.05055463280854
216,54.097886441644505,53.17460691131397,50.90032495548795,50.522589260767894,50.16120018495135,49.941945803188666,49.048236546205416,48.47149047512618,47.3845262228533,48.358514516624474,53.75252934485863,64.7463600019948,97.02954987740478,103.5120634133015,94.79391130768693,85.58603188508515,78.64080190274085,72.48737485213363,66.12265276261299,61.14147965212874,56.43767788666231,52.53515052378033,48.38301338950463,46.08619284551547,44.90562050878869,43.846178394335006,45.473181996969075,60.06963379461334,91.31060805381281,109.3237555800653
217,194.85893393120392,189.1409114604309,176.40601624204328,168.93458392911657,162.9456172537235,159.18008839530557,157.09209426111698,154.63838076375183,147.31146236133532,147.0797317894916,154.35597103568105,202.09469059935336,314.6404679335282,387.66912426880924,349.91744563209727,303.797024405029,266.23182649267835,237.53643399472298,212.10726599873138,196.96743565181336,181.88008401630927,167.81883210645896,155.94504677145812,149.75228521627565,151.97827951665536,174.66169238366064,233.7036582203434,292.75865607480546,353.76514533779124,399.6122629280528
92,229.15048549128815,229.24705325468238,223.32969712895158,208.94131215206386,200.30697610187957,200.8084204499533,194.8808189167214,192.08828978498877,187.0516938305304,183.78553410311696,195.28346728166957,239.26733095158662,333.6723867348426,443.27707190444914,463.6322395284316,409.8163855298773,356.61757843340797,315.6379565887124,284.85574331222574,253.352892312786,238.173887967897,222.34849748294153,203.0737207249924,203.32084972004972,217.63131926127272,248.29467100192988,325.9676395673598,416.2986751895013,501.70754546967464,543.0335032420342
93,11.94263816775073,12.27405865432088,12.242152163580545,12.583743212455618,11.770225298483942,11.690094868267378,11.765888341920187,10.359588509953898,10.374657503458423,11.167155797042986,12.27810435514246,15.807371991318204,13.515404816171777,13.074419752439583,11.989599852801186,10.645781609956984,10.544028376070498,9.842714572783771,9.515533644008357,8.953961167955628,9.03980342938722,8.10949496147209,11.156468783272949,18.669305609456753,25.82544402731156,38.978162523987486,51.63176628987043,58.23594928496986,50.3977738613365,39.76170822201905
220,20.6384545113652,20.946943110165744,21.00878240090877,21.474871406620192,20.45006935614815,20.07732921331491,20.15730958572825,18.220636421853445,17.790461253878,18.90038129211701,20.703783973074238,25.981538911240737,23.917852017872534,22.567588629799182,20.913397761484795,18.69148750092335,18.118457795020852,17.107877182757644,16.426640606315488,15.538595128157759,15.478125200793363,14.208413866398509,18.158739323549497,29.612454175996312,42.00157487735031,62.63808118726928,84.50250845422136,97.77129395054145,88.96032918569958,71.61430528801581
94,299.9262657841652,308.7584022786742,307.65170465905834,299.3358643846373,284.81354663073455,278.7757666129767,277.9820056235638,270.500322343705,265.1443801642573,259.30476424852975,260.9423295368188,285.0864942585207,345.5176778729691,438.8984325067293,533.4527757233963,540.2366873799003,481.1975968503411,426.3036748999416,384.66380185220925,351.7404740783353,320.9308723936518,303.2388331903654,285.5212177625511,274.98687725941124,301.45893628621366,336.82749422510153,401.85788144507296,503.35908355074014,608.457284103352,671.9132386174372
286,12.099888888888904,11.584333333333342,10.275234567901238,10.671716049382738,10.41233333333335,10.853901234567923,9.901717283950596,9.309234567901223,8.929481481481478,12.986456790123484,21.58352222222223,42.54488518518508,38.172814814814814,33.93107407407408,29.781592592592613,26.748728395061715,23.74672839506175,21.73083950617284,19.29090123456789,17.648802469135774,15.980469135802439,14.109975308642007,14.284234567901237,15.585370370370379,18.102555555555526,18.696901234567914,18.538160493827174,18.163370370370373,16.452160493827147,15.628796296296283
102,141.32497512963025,151.82912525925954,161.97735409259084,162.37815048148207,157.7122833703698,149.12546675926052,145.79013463544777,151.1700616666669,162.48741720370265,173.19454480150574,175.9382297036201,173.74117551843636,163.88280274073878,153.79323509259183,138.29200351851705,131.41553266666637,128.93945849999977,123.33317368518442,113.498468,107.96749568518365,107.23699790749059,105.3040529445289,105.36884177777814,114.15123435176893,152.77243942592722,208.6773156446985,401.9270323555536,632.9536264523772,666.4168995412724,528.5232841968244
103,145.31939288963073,153.79200294267787,164.44482183349427,168.30061708923589,165.24861597166645,157.72489828826454,152.4116737927147,154.91675075189914,164.56132864542374,175.88366709153993,181.54024490691245,181.00481222462105,173.48209146686781,163.097327508417,148.9270781615342,138.749987838132,134.6284728413192,129.91752820107962,121.20783154806301,113.95144916462087,111.49950391487121,109.91873793771062,109.2809127187106,115.31469080586159,144.84756730183892,196.74048187916662,348.7357096996809,575.057763309516,679.4940909041261,596.9256233359453
