,2019-09-07,2019-09-08,2019-09-09,2019-09-10,2019-09-11,2019-09-12,2019-09-13,2019-09-14,2019-09-15,2019-09-16,2019-09-17,2019-09-18,2019-09-19,2019-09-20,2019-09-21,2019-09-22,2019-09-23,2019-09-24,2019-09-25,2019-09-26,2019-09-27,2019-09-28,2019-09-29,2019-09-30,2019-10-01,2019-10-02,2019-10-03,2019-10-04,2019-10-05,2019-10-06
121,36.86140909722229,36.84751034722305,36.83203159722169,36.81495284722244,36.79625409722214,36.77657534722184,36.75569659722155,36.733657847222304,36.710899097222,36.0878003472217,36.14039206018549,36.20749710648171,36.28923548611143,36.38518719907462,37.095992245370255,40.283095555555775,43.46172261574115,46.63211342592637,49.794647986111436,52.94910629629635,49.83888923611038,45.937328425925614,42.84500386573994,39.76195555555548,36.68816349537012,33.648236851852474,31.419865624999687,31.48584937500089,29.97181886574075,27.429852044754636
122,42.45244128741272,41.30293141296844,41.015741822184296,40.91935919183134,40.86815170681706,40.63724311245868,40.401053672347786,40.21580254872059,40.19727448955795,39.74151147255329,39.6792994833563,39.74686114492361,39.815688159556125,39.91128875479512,40.465432998567685,42.97136310174075,46.1202651568572,49.39805158680535,52.92880182991841,56.52056796318351,55.28063255637987,51.54276583834811,47.921723382356326,44.423982003363705,41.00519357952998,37.67026579957621,35.0262206540458,34.29228643259539,33.04304663831007,30.672106444303804
120,13.502549382716348,13.485916049383015,13.742743209876336,12.596986419753001,12.036319753086334,13.186093827160528,12.413550617283862,11.097830864197407,11.083297530864513,11.103777777778058,11.082111111111393,9.521283950616969,9.583827160493634,10.717691358024501,10.181888888889135,9.604172839506015,9.235172839506015,11.458333333333334,13.68149382716065,14.65953086419753,13.019827160493547,11.052037037036877,9.168666666666667,9.091999999999999,9.385333333333334,9.562,7.921629629629789,7.901296296296454,7.880962962963121,9.491150000000001
123,121.39454215607003,113.87025841586029,104.93001043483466,100.25782856351972,97.51482177401112,94.8616508149064,91.28959712579561,88.96065625657658,90.01135217782475,89.1840402744865,88.21846898027167,88.14438097744194,87.8318206308466,87.58435305921063,85.99565423602355,85.48282404958576,86.36888171542864,87.24962144106894,91.99764117686655,98.96723168384199,107.55545100474836,112.82904616514975,113.98555893610995,109.2480763484462,101.23995040521373,92.70758315886007,86.86629754249199,81.35577216485358,76.80610210400656,71.28541350648631
125,146.26372755748338,136.58744215607004,125.04086335413189,118.17121290397044,109.699224859816,109.87833411969014,104.97131995070887,103.006567496166,102.56851181213213,103.66562378276302,101.11275632386922,98.40774058520992,95.10346739719502,97.56810458146387,95.58427898513655,95.84376534713466,96.17603392612897,95.74515332036692,102.99722637934056,116.22614734970608,130.08250328878026,137.05594483190885,135.1051943132979,131.49227498549266,123.81902696573016,115.46927139286807,106.3962004428107,99.51884075236852,91.7885993253474,86.00963914104359
197,11.151866666666676,11.266907407407404,11.150566666666665,10.455422222222225,10.223340740740738,9.106900000000001,8.759077777777776,8.758377777777786,8.642037037037037,9.451522222222215,9.913885185185189,9.98625925925926,9.985559259259261,9.216440740740738,8.984259259259261,8.867818518518513,9.0987,11.40255555555556,12.253707407407402,11.790144444444449,18.21074074074074,20.63133703703704,17.208440740740738,14.629037037037037,14.744077777777775,13.048033333333334,11.964000000000004,10.477188888888888,10.318181481481478,10.086
198,20.53292870370371,18.84281836419753,17.912637654320985,16.337110648148148,16.232899691358025,15.338280709876543,14.829362962962962,14.491490277777784,14.76998827160494,15.0135461419753,14.616670679012346,13.73104552469136,13.419285339506175,12.701562654320986,12.35685262345679,12.246496759259255,11.984599691358023,13.78647453703704,17.311519907407405,22.06563364197531,29.99580787037037,34.22746589506173,31.062963888888888,28.098832561728393,26.898777623456787,23.78770925925926,23.82550694444445,21.932743672839507,21.388419135802465,18.955837808641974
129,244.7811358443814,233.183834872425,217.9930991811987,210.14384229317207,199.93936676323375,189.34910497989716,177.74472896630272,175.38337496676158,168.099546622643,163.70011767798047,162.8543628811099,163.2614481033043,162.52391447403852,160.5841334839145,160.2303964442168,161.42725862027447,162.4506165470127,166.50673978307722,173.93143318633773,202.34524736714837,227.4474848536844,253.97539897453956,245.98695770875509,238.1938058660017,222.93756300877007,208.36689424330635,194.17952001504142,184.33664756931833,176.48966972255818,171.69502170225672
130,283.11098514261784,269.9483608946908,243.07235551344831,243.61925118170169,226.84581757560517,215.31753751307753,201.27180498019752,198.64333296039754,201.72317180717803,194.63622541726886,186.1986742933862,186.47727370516773,183.78270163438071,177.28180766189826,175.77615724779457,180.05809691111466,183.66501164955488,188.03176662401742,192.60941998847716,219.62293590292168,246.5931019503438,270.61043475751654,275.9229070015974,261.10637222023536,253.28162716224625,236.93082104373104,224.215802486695,209.0908732282873,201.80462242619797,198.42618862429586
201,8.30208015555558,7.501854044444464,7.524307599999995,7.628815822222298,7.760541299999949,7.096519966666773,7.117788522222147,7.111389522222304,7.077417766666618,7.098141222222304,7.091031222222148,7.252656444444483,7.331752999999863,7.492904222222198,7.484609222222198,9.396216111111197,10.731781333333377,11.545928999999942,10.494561888888931,9.141221666666572,8.363923111111117,7.476902333333284,7.355505666666743,7.122192333333297,7.02603177777776,6.932065666666592,6.922585666666748,6.648675111111061,6.694293222222304,6.584886999999991
202,3.374544535802479,3.049276819753094,3.0584035111111088,3.100882943209907,3.1544253666666457,2.8845207740741174,2.8931657987654016,2.8905647987654652,2.8767563074073874,2.885179765432132,2.8822897654320685,2.947985530864213,2.9801358888888334,3.045638987654311,3.0422673209876443,3.8192777160494176,4.36214459259261,4.693070999999977,4.265722061728412,3.7156301851851468,3.3996818271604963,3.0391347037036835,2.9897906296296606,2.8949558148148,2.855869456790116,2.8176750740740437,2.813821740740774,2.702485382716029,2.7210277654321318,2.6765574444444407
