,2019-09-07,2019-09-08,2019-09-09,2019-09-10,2019-09-11,2019-09-12,2019-09-13,2019-09-14,2019-09-15,2019-09-16,2019-09-17,2019-09-18,2019-09-19,2019-09-20,2019-09-21,2019-09-22,2019-09-23,2019-09-24,2019-09-25,2019-09-26,2019-09-27,2019-09-28,2019-09-29,2019-09-30,2019-10-01,2019-10-02,2019-10-03,2019-10-04,2019-10-05,2019-10-06
22,21.721246993070135,21.728583814996217,21.641617576404183,21.6424661229911,21.621338442386886,20.936387784906525,20.416956946561008,19.62494499424762,19.091730063497447,19.022523569885017,18.946561043820502,18.160877798208894,17.624068630477225,16.805193800708835,16.306183465936183,15.715299734959931,15.030530870697735,14.755828158257287,14.589836748239074,14.533177482728679,14.537856847523233,14.323022950191355,14.216647141578306,14.14310277904243,13.970306931972011,13.824092242875352,13.80091002387721,13.631857012367178,13.498311125573151,13.44628666489976
251,35.34443591861399,35.32736218252675,35.233105194749974,35.190577552708326,35.167211714101924,34.38538229606786,33.45801939732074,32.30648564159998,31.310070983257116,30.965535880765593,30.84539759444771,29.922724221519452,28.925426747243435,27.734955790020514,26.763624624193127,25.848774767861997,24.78227202676156,24.130567873711747,23.8063074907637,23.65951253150102,23.636451939591723,23.3968851603592,23.16968732150702,23.033687269141808,22.80234415438401,22.55130611345134,22.452095213364455,22.250147664075634,22.015246318312705,21.889892986271263
24,101.35072673179411,100.55539897679063,99.69875127688044,99.2782607336137,98.14188768086063,97.91749624854543,96.81900663798748,94.97299170199915,93.43156191962055,91.29249313376566,89.81663208725672,89.58387571266448,86.97062381725304,85.73650496168617,83.85695023722937,82.58708105381777,81.94081054267315,80.24743637306588,79.35229610540367,79.54281172227259,80.01478654912165,84.41312668006212,85.79301084534835,82.9419499142146,80.92774717529421,80.07109341519745,79.29438312427597,78.88588325267048,77.61782534139368,76.21296646645933
25,75.44064659473737,75.02174224067208,75.4057803642153,75.18854381445935,74.69336478978722,74.7593396566674,74.24677237950401,73.7847716495881,73.07013627663657,72.47451614305852,72.18627245422628,71.78512923259238,71.49822147064988,71.55833217317475,71.02626880112751,70.70800808767821,70.92150024234691,71.86177084959512,76.11494022983022,93.50950747820825,116.13910594986284,136.96018181790262,132.31079695760658,101.97924487440321,92.29043350730068,87.39869808876722,83.97380413525359,81.37477547423967,79.10292777241445,76.28667109159223
206,78.25926218113918,77.35494361312388,77.33433514782377,77.34478045170215,77.02073312852309,76.80052348206571,76.5750751214491,76.09635786702209,75.42003801086847,74.66264714170481,74.1880840910057,73.86980426210398,73.53679141352058,73.36824230083748,73.00850458040304,72.49001383302361,72.37182257002333,72.97562171389801,75.80135763197933,87.46227525656809,108.19986468335017,130.41499526137338,137.54218285009134,118.68256954474144,99.21554683079907,91.92192864759672,87.66812108102461,84.53627511803099,81.99623988036556,79.33644898144298
207,78.73299964972574,77.81099375773188,77.60170011020702,77.5996880823864,77.35079439823889,77.1053282800008,76.88371553906654,76.45857011372222,75.81373304610412,75.05982921079179,74.52066388649277,74.17371477474134,73.84455290930633,73.63303930760313,73.30074661387945,72.80254977018781,72.58996736213582,73.04293125383556,75.41713598672366,85.27357713901206,104.18361580689503,126.1615688763255,136.44490433138122,122.9618260623814,103.58172757706744,93.72658058059743,88.81990272619512,85.43502779875799,82.75691996045602,80.1104462826111
28,79.8094094796779,78.91435776678038,78.33771861103916,78.2176950618781,78.10536462604098,77.84948803093536,77.62253473150723,77.30109359126115,76.74285973640191,76.01132265967485,75.35115653246169,74.91743464649588,74.58125500761795,74.2900343683507,73.98840498086746,73.54248906753797,73.16071043573169,73.2798917757732,74.72076963070667,80.9229398930278,95.45839388285225,116.07193430650696,132.2333619533081,130.54377418654232,114.01709925379734,99.33850962643294,91.91061381851947,87.71854871472455,84.65158845299136,81.96138119487573
205,24.455343218173265,23.356425470302646,22.858011209699523,23.080685819467796,23.19660170372049,23.33043809290027,23.41040679926891,23.571039105091895,23.698188609998432,23.81511156604658,23.894003411189306,24.050757876339247,23.675285036482595,22.555137857019012,22.695639709721462,22.749073524521005,21.738413039159525,21.02561491199542,21.121169407285713,21.101113914839996,20.633072410808214,21.327602045313427,21.51825242470474,21.57080845109787,20.87616459801063,20.05758525776316,19.69605039223694,19.429671828682313,20.75015829520378,21.320441893839465
23,30.38562940414991,29.184215684215808,28.38796678470792,28.22016345156542,28.371777908444216,28.356185802357892,28.45730680314928,28.552587650057603,28.689345652230774,28.806129892920968,28.883954314718082,29.014596446233412,28.77922406065496,27.874374639299948,27.34533271212363,27.429271375635622,26.958160546400045,26.01670237031302,25.561165339092934,25.712300587385222,25.596896210933195,25.789301594210094,26.25749730780164,26.300488152297277,25.887150213783023,25.140373470284715,24.624736945220757,24.239281036725608,24.702294475464804,25.578722925342234
209,79.8218802627634,77.89061146395056,76.71095168657733,75.64530121754377,75.31837077321609,74.20577104487182,74.13814501594013,74.01408908404409,74.0451738022281,74.13466389631692,74.07070132782222,74.26389653694028,73.26041988442977,71.61169279359724,70.35386999808047,69.70756553875313,69.85902675667363,68.67035609902001,66.40666098538432,66.97159567599422,68.28052802036704,68.87757550627666,69.30043224934309,69.0611167373654,68.27346135535622,67.94863709536341,67.87164555227109,66.7125162816146,65.75069575842141,65.59309995285031
31,316.5127197958603,310.4045759345793,306.21354972928566,302.7649494560088,302.1988931777536,299.9348175165226,298.9177844772573,297.41495965550985,293.3619881566533,288.5578253546877,284.87499224341843,283.9122267970146,282.571463604555,277.20466921197436,271.61734135720695,266.08219456237356,262.0796402656741,260.5735664782735,260.2602847887292,267.8974560827544,289.54619909113967,321.8962685389529,347.6945360327494,351.97478859097953,335.47927330836427,312.371394836213,295.02960346736194,283.8460396291206,275.43408218773857,268.2480234175145
32,346.1006333406824,341.15705205139994,335.76714211675824,331.73601830407495,330.6597369365157,329.17412294084454,326.26981209167604,324.1702239394808,320.9032991539839,316.1017685737292,311.35983260543395,307.8671605884173,305.60399878949084,300.979523680078,295.2758037320644,289.5158461811185,284.62135765224764,281.95390039571004,280.74667320432303,287.98032886891053,308.42028420463345,338.99889184710116,367.5785940857047,379.2833429588839,368.0328533521784,347.3679675153455,326.84262071846445,311.69095762088614,301.307955008846,292.6190483960802
33,664.5805354672898,659.980494991474,644.6265301327733,638.4940426232267,640.564517048929,639.4080784371401,618.4878315744072,605.2934890072531,604.3329743164802,598.9952688154453,587.0873480434061,565.1118667709237,551.2236631243763,542.7929455169719,535.2147579875528,526.6144580800975,516.9307319840584,509.35020695182675,504.0563653247207,527.0258336727794,571.9691651106634,619.895959360914,662.579136287361,691.3558915906588,673.5310312938893,654.00608585286,618.1980830691455,577.4678125373505,551.6877842524202,530.795613815057
99,54.20800920138259,53.04759687499435,51.88651788194886,51.24329322917257,50.89499322917258,50.57322191357755,49.67287201003015,49.438222106482975,50.023235648149154,50.79275262345656,51.168561111110144,50.877369598763785,50.465227777776796,49.71597932098836,48.45430540123059,48.101532098762455,49.20748240740313,50.3130993827187,51.752049691359325,51.403716358025996,51.50619407793332,49.938865875773935,50.04067692901456,50.415679494601534,51.066346161261286,51.107682060181595,50.149017959101904,50.13268462577548,51.3353461612682,52.54565769676092
247,66.58569294947893,65.63427154821511,65.01072223274998,64.42635126933088,63.654483289769765,62.73345294023285,61.94703572343946,60.85284676293787,60.346838500148074,59.56776240814739,58.83308195694169,58.23769417750637,57.776545823838724,58.068563866735474,59.119587613867694,61.1637562516306,64.44129149516229,69.05013110691038,74.01774477957524,77.41434717692205,78.20833083938486,77.08471699030902,74.8376831303392,71.77582092877005,68.30231756349936,65.57286546192536,64.0649385952439,64.11432439220998,64.67377448179352,65.37928404319192
248,69.73057768523582,68.56481496204758,67.83371611475474,67.21557636995308,66.4589162657788,65.53739064824202,64.68505687783019,63.6229210497479,62.949108299184935,62.206337068404885,61.430416970540726,60.77577985785264,60.26215274092594,60.37785941208249,61.28225065611511,63.16199639994908,66.2656529763886,70.7307470955389,75.8124667882634,79.7411697951001,81.21838183000034,80.52807038038551,78.46970551862762,75.48593554290674,71.97283976639649,68.94539732678247,67.07022548505249,66.73230920008477,67.18719501506095,67.88513369051172
261,75.60017543035686,74.00562077519413,72.95808936230506,72.22739534004711,71.50189429784557,70.61728437029613,69.66524497217426,68.65567827399744,67.70283480163074,66.94722895284274,66.13928060810163,65.36609584038573,64.73122938917817,64.47456784073424,64.96148934189806,66.37839934863146,68.95242187730503,72.89750858130968,77.95048647730573,82.84368354647798,85.91008139409223,86.49380241005798,85.12914542299424,82.50392763928502,79.07228075947947,75.54534432060254,72.8417419391256,71.54658657814313,71.54613672811165,72.14281933427647
294,94.13857797892099,92.21343644677117,91.73642226393036,90.84005856251075,90.5619931006805,90.87736122962512,90.93489092177495,90.79141582068048,91.63741454213317,91.58931051927854,91.41256491927855,91.4993827703749,91.115817620373,90.27462298750588,90.61679283862135,92.31442515468609,93.7435452316326,95.63673171630181,97.45657020285506,97.29450669168625,95.7245097655321,94.16246662520166,93.33386697863423,92.31923199486656,92.58493822171661,93.43553655199713,94.06613267371833,94.60002196123624,94.90719842481056,95.07893827540423
241,105.06351231578759,103.17835012408264,101.16322151869582,100.00320969051246,99.25687835164953,98.74919829267078,98.82241197048566,98.97463149025982,98.99004643069,99.41949199598135,99.72823298325477,99.61279883638421,99.55573194124509,99.29344834294832,98.67332274673598,98.67320061724601,99.93298533413525,101.64213036297116,103.5035862363204,105.33959259006596,105.86388106148038,104.74178896353638,103.1028390140119,101.87852230459895,100.96500095297046,100.77277823762533,101.43567841719954,102.20535992438288,102.80682584627226,103.22371919690431
