,2019-09-08,2019-09-09,2019-09-10,2019-09-11,2019-09-12,2019-09-13,2019-09-14,2019-09-15,2019-09-16,2019-09-17,2019-09-18,2019-09-19,2019-09-20,2019-09-21,2019-09-22,2019-09-23,2019-09-24,2019-09-25,2019-09-26,2019-09-27,2019-09-28,2019-09-29,2019-09-30,2019-10-01,2019-10-02,2019-10-03,2019-10-04,2019-10-05,2019-10-06,2019-10-07
215,71.99979999999874,71.40233086419725,66.02250740740708,61.45069259259296,59.03646172839522,55.699091358026315,53.686428395061874,52.74699629629615,50.8461111111109,49.577308641975584,51.83440740740783,54.608514814814185,132.62329999999938,210.8346296296313,186.1226629629623,155.0084481481469,130.88407407407365,109.4690333333342,91.90111481481524,82.6089876543217,73.27274074074053,66.81612345678941,60.023753086418985,56.8848271604946,52.33674074074159,62.011876543209816,75.59169999999642,110.67067037037374,121.11285185184765,192.54014444444383
89,52.18875043063693,53.03741902144632,51.9939921750151,50.30966715803263,49.69276164892221,49.49542043770213,49.239083887980904,47.99161500429695,47.47110328638996,46.56783181072753,48.0878531963678,55.01741316390331,67.97074145831355,105.99125967965303,101.83950827924942,91.97803742004676,83.46107530758704,75.81527866902763,69.54553036995877,64.13043430090539,59.76901328772086,54.33977596285314,50.82616838153792,47.35149258969154,45.56098593490506,43.948004872922546,42.193366887127915,47.10274449652212,57.85770239003499,115.1764562286942
216,53.35788203805179,54.097886441644505,53.17460691131397,50.90032495548795,50.522589260767894,50.16120018495135,49.941945803188666,49.048236546205416,48.47149047512618,47.3845262228533,48.358514516624474,53.75252934485863,64.7463600019948,97.02954987740478,103.5120634133015,94.79391130768693,85.58603188508515,78.64080190274085,72.48737485213363,66.12265276261299,61.14147965212874,56.43767788666231,52.53515052378033,48.38301338950463,46.08619284551547,44.90562050878869,43.123730087279995,46.6886963904694,55.48903699073038,101.22347147273362
217,188.2105132362983,194.85893393120392,189.1409114604309,176.40601624204328,168.93458392911657,162.9456172537235,159.18008839530557,157.09209426111698,154.63838076375183,147.31146236133532,147.0797317894916,154.35597103568105,202.09469059935336,314.6404679335282,385.0360224169581,341.7779780395043,295.61704755317396,258.1675903815684,229.55032288361124,204.1336934678674,189.00736620737058,174.80928926322287,162.64907902003688,151.69061004306133,147.38635157430073,150.4640048252993,174.6216487856887,223.92222058455226,288.48062875850286,359.60125580580205
92,218.23336123040013,229.15048549128815,229.24705325468238,223.32969712895158,208.94131215206386,200.30697610187957,195.638667363533,194.8808189167214,192.08828978498877,187.0516938305304,178.57720076978575,190.11371419524926,239.26733095158664,333.710966981757,437.11423914981833,453.8719072560556,401.7008135777128,348.55671809390185,307.60204079010526,271.7044243500335,245.38421465074973,230.5361805990674,215.96683033402095,198.2357698183545,199.71241511356644,210.40435890247682,247.31480508192558,317.2265875442581,403.2653102142791,503.19283939648676
93,12.421562561728225,11.94263816775073,12.27405865432088,12.242152163580545,12.583743212455618,11.770225298483942,11.690094868267378,11.765888341920187,10.359588509953898,10.374657503458423,11.167155797042986,12.27810435514246,15.807371991318204,13.515404816171777,13.074419752439583,11.989599852801186,10.645781609956984,10.544028376070498,9.842714572783771,9.515533644008357,8.953961167955628,9.03980342938722,8.10949496147209,11.156468783272949,18.669305609456753,25.82544402731156,38.978162523987486,51.63176628987043,58.23594928496986,50.3977738613365
220,21.64438340794615,20.6384545113652,20.946943110165744,21.00878240090877,21.474871406620192,20.45006935614815,20.07732921331491,20.15730958572825,18.220636421853445,17.790461253878,18.90038129211701,20.703783973074238,25.981538911240737,23.917852017872534,22.567588629799182,20.913397761484795,18.69148750092335,18.118457795020852,17.107877182757644,16.426640606315488,15.538595128157759,15.478125200793363,14.208413866398509,18.158739323549497,29.612454175996312,42.00157487735031,62.63808118726928,84.50250845422136,97.77129395054145,88.96032918569958
94,298.4488628685464,298.11376115453737,306.94954024163906,305.84492410350475,297.5327264216759,284.8275966307346,276.27646625289566,271.6267010453752,268.6586769733359,263.29805146055554,256.8244658689016,255.77535718599762,278.81028597662856,343.72103607770384,436.31667367386433,524.9579359702708,528.8196038466342,473.04062898085175,418.22258871629174,375.9907129544824,339.3051790935658,313.0263869038441,295.7961387441103,279.37448431628917,272.15253068320374,293.76938748280566,332.23764414104363,401.7107443582677,494.1315132088595,597.81706825842
286,13.213876543209878,12.099888888888904,11.584333333333342,10.275234567901238,10.671716049382738,10.41233333333335,10.853901234567923,9.901717283950596,9.309234567901223,8.929481481481478,13.333679012345664,22.625188888888772,44.859700000000096,38.75151851851849,34.50977777777775,30.360296296296283,27.32743209876544,24.132530864197534,21.923740740740726,19.290901234567887,17.64880246913583,15.980469135802494,14.109975308641955,14.284234567901237,15.546790123456782,18.102555555555583,18.696901234567914,18.57674074074077,17.777567901234537,17.558687037036968
102,137.6887671296316,141.32497512963025,151.82912525925954,161.97735409259084,162.37815048148207,157.7122833703698,149.12546675926052,145.79013463544777,151.1700616666669,162.48741720370265,173.19454480150574,175.9382297036201,173.74117551843636,163.88280274073878,153.79323509259183,138.29200351851705,131.41553266666637,128.93945849999977,123.33317368518442,113.498468,107.96749568518365,107.23699790749059,105.3040529445289,105.36884177777814,114.15123435176893,152.77243942592722,208.6773156446985,401.9270323555536,632.9536264523772,666.4168995412724
103,143.99148295331858,145.31939288963073,153.79200294267787,164.44482183349427,168.30061708923589,165.24861597166645,157.72489828826454,152.4116737927147,154.91675075189914,164.56132864542374,175.88366709153993,181.54024490691245,181.00481222462105,173.48209146686781,163.097327508417,148.9270781615342,138.749987838132,134.6284728413192,129.91752820107962,121.20783154806301,113.95144916462087,111.49950391487121,109.91873793771062,109.2809127187106,115.31469080586159,144.84756730183892,196.74048187916662,348.7357096996809,575.057763309516,679.4940909041261
