,2019-09-08,2019-09-09,2019-09-10,2019-09-11,2019-09-12,2019-09-13,2019-09-14,2019-09-15,2019-09-16,2019-09-17,2019-09-18,2019-09-19,2019-09-20,2019-09-21,2019-09-22,2019-09-23,2019-09-24,2019-09-25,2019-09-26,2019-09-27,2019-09-28,2019-09-29,2019-09-30,2019-10-01,2019-10-02,2019-10-03,2019-10-04,2019-10-05,2019-10-06,2019-10-07
47,159.39163712178873,142.62183630458918,133.03435450151645,121.39398874842998,107.54269730741784,96.85955138581826,91.93648922721117,86.24933052122228,80.44331683589112,79.92922805663501,82.10912362976079,77.26286756773058,71.14113999072205,71.57901355015474,76.29111071870167,88.22927491071232,98.47827405480801,107.05780826510855,117.93792310562395,102.07338924566055,93.7535867602306,92.58972740934746,84.076270586135,77.65487617813604,73.40543549526956,66.26233898533202,61.64284518908305,58.957426562657965,57.81929332809257,57.32590470898856
48,166.36254039548479,148.28253725538934,137.05752755326492,125.82703824226289,112.38895745082372,100.91655126498009,94.70431990678013,89.15994539465473,83.35543656373605,81.65629607176515,83.23543920759815,79.8785635518917,73.99744351343395,73.07006636843812,77.09186140955012,87.84254210244293,98.30146464339019,107.08038780725691,117.23882266959097,106.99072928669112,97.03395021520593,94.30572963325677,87.32950571505374,80.41194570976339,75.67159647266107,69.1112902269904,63.90807537126945,60.80124867884785,59.33711378709521,58.689892828697644
49,224.99112603464326,199.70001478534675,183.1622765779162,171.38747670522633,157.74299270708661,143.00261817421182,133.13349346817884,126.89017174238919,120.70709618111421,115.9533520452272,115.50899577042279,114.23948771535248,108.83373310749619,106.3294429005818,112.7023671389154,127.72192641473282,135.2181044584679,141.51114002316922,146.23668259989194,143.5481313582702,132.76431179199724,125.96078953983091,120.33732542752003,112.32386353695729,106.02009542443254,99.59157036101695,92.80931166479363,88.56752672257227,86.441341999674,85.08712305302595
249,230.82814778866344,205.36747328705002,187.69723953033713,175.2587516168023,161.77213316017784,146.99633112984878,136.39423990572197,129.6987642940344,123.43322216857831,118.46418662908047,117.52822512798782,116.31548504758591,111.44690767673457,108.86851173040885,114.47098968202273,128.38480714523067,136.6484572218206,142.9515113049219,147.82410502333417,146.1699008423243,136.4276650100028,128.99973966901328,123.0275137874546,115.21548818026923,108.69668488960457,102.17262976797636,95.33710628314161,90.73486605160828,88.3201900683176,86.76728304473616
50,300.59187454617586,271.44432035236684,251.83847475995321,237.03138820557558,221.77232187647778,202.83063722762338,188.59331907476468,181.43640736959009,173.23647686694062,167.1862092658028,166.92737491113613,164.5853442067333,160.67935659820193,165.05704757799094,178.14988060631111,190.39955892686385,195.0289772410092,198.05416392746247,201.87869729318925,203.7403876664457,195.75390741769752,184.85276780375602,173.64774070351575,163.6234366598595,156.9097661061251,147.59749653551094,138.35443558542394,132.39648196309798,129.10500305341856,124.87967645458775
51,309.51173382883786,279.7761665780321,258.98171006614393,243.4803306877866,228.124751996144,209.273440258614,194.2431607132421,186.26230999835118,178.03661071850527,171.663480612137,170.82159722722625,168.63135010116073,164.9474670828092,168.92657456986703,181.670109950217,193.96913508102975,199.14726153924045,202.08338820225023,205.71847044280568,208.020859337198,201.24172545012166,190.4309900288456,178.86539954584393,168.51185674430172,161.4093413970982,152.18157702464111,142.73862331434887,136.31299877452284,132.6631242060584,128.34565832206846
52,324.29850268380375,293.75464020096024,271.75634089394924,255.35092948322932,239.66028114238688,220.4937792540223,204.49745979162907,195.69866904422167,187.18728855382972,180.44443677054971,179.15462427862334,176.9272062646464,173.50206574538007,177.7973205893391,190.9408141389678,203.18722730598606,208.47084847760655,211.0798753997671,214.42840918955494,217.33744327534714,211.74226473873614,200.86986443646768,188.54836988605786,177.64533290691946,170.15798104708387,160.71215568392952,150.88551403984889,143.92798101804826,139.85345087915042,135.18532206356502
57,119.94182887677644,114.11476118230203,103.20299123862907,100.97912648328452,89.94476625826313,89.07559985424632,86.44160663069103,81.69304109511302,73.63762354063725,71.48383877012701,71.9104011331539,76.56026083795338,100.44906457231376,138.7439006235639,153.87328436975085,154.51207604066468,162.92337677863776,139.05688124060808,132.5827432164632,120.09523311998878,111.36432366099798,103.31759947497173,92.1043083765774,91.02292417779462,87.5173299556297,82.12096397380436,82.11871476555237,80.11684151515972,77.71330120503207,79.50195413536271
61,735.5991605486108,646.0483048052104,591.4517808703896,555.511015297101,540.4491662766201,510.1685169463727,481.2440539368511,460.09131154546697,459.4889066221866,456.11403604637826,437.51718550889063,421.78852766106627,425.8757812781374,447.3796511961099,489.92221201528343,516.3999492455351,535.0459207545528,553.7446733692341,531.5923503548329,504.86294962392515,481.216201501022,462.0038209919949,444.3118424543246,426.48274788750007,412.99435869433216,400.10926697886,383.5197305528127,375.5125247568475,372.597217227501,361.9794248322835
62,800.8161892744472,712.1275403787903,644.2893698662182,599.8159190722845,577.341560566196,551.5736282232942,522.1818061963372,497.5185523624291,488.75187290605044,486.09657296100147,473.6867621848156,456.52300696969206,453.99414626134234,469.7453127786965,507.7291949082236,543.2463909208595,559.0632231408174,575.663647977151,571.469712499313,545.9554889041733,520.1971166470303,498.2098443238467,479.0045636485368,461.0387792530973,445.8333863930446,431.8798472782115,416.7552933110606,405.3618316981478,400.00528726250064,392.70801723221166
63,924.2576987577885,837.0588473906631,757.8555208200705,696.7937865411268,663.1680113181131,636.0615126372549,608.9048892289258,580.3331810262426,561.888450781195,554.8619156879205,548.7780281900588,533.6087544377208,525.0949827960669,532.5946224859009,566.1276877204779,609.6716736302689,623.1503804730203,634.4254346357627,647.2653530414519,632.7898762159973,605.0227914403291,578.3743045781606,555.3911428995746,536.2624487083918,519.3763183330924,502.7408796710167,488.36372443777583,474.6672565928282,464.7168173937379,459.3308500843765
