,2019-09-09,2019-09-10,2019-09-11,2019-09-12,2019-09-13,2019-09-14,2019-09-15,2019-09-16,2019-09-17,2019-09-18,2019-09-19,2019-09-20,2019-09-21,2019-09-22,2019-09-23,2019-09-24,2019-09-25,2019-09-26,2019-09-27,2019-09-28,2019-09-29,2019-09-30,2019-10-01,2019-10-02,2019-10-03,2019-10-04,2019-10-05,2019-10-06,2019-10-07,2019-10-08
121,36.83203159722169,36.81495284722244,36.79625409722214,36.77657534722184,36.75569659722155,36.733657847222304,36.710899097222,36.0878003472217,36.14039206018549,36.20749710648171,36.28923548611143,36.38518719907462,37.095992245370255,40.283095555555775,43.46172261574115,43.50191469907419,43.54270678240721,43.583878865741305,40.48775555555488,36.60028849536966,36.652256412036785,36.7050443287039,36.758632245369974,36.81320016203709,37.66898807870421,37.72557599537028,41.261465555555795,45.18991886574117,47.05616458333389,50.14762480709904
122,41.015741822184296,40.91935919183134,40.86815170681706,40.63724311245868,40.401053672347786,40.21580254872059,40.19727448955795,39.74151147255329,39.6792994833563,39.74686114492361,39.815688159556125,39.91128875479512,40.465432998567685,42.97136310174075,46.1202651568572,47.050402541666216,47.4572962454272,47.93366208934118,45.749432228447944,41.84572098881079,40.49814972302021,40.31490184325602,40.20554573037873,40.16685238329489,40.779303321870344,40.97911509771829,43.66434911323283,47.44523072326992,49.71683036381264,52.393952160426096
120,13.742743209876336,12.596986419753001,12.036319753086334,11.565723456790318,12.413550617283866,11.097830864197407,11.083297530864074,9.483407407407407,9.500320987654286,9.559864197530954,9.62240740740762,9.097320987654287,10.143308641975151,11.185962962962682,12.437333333333333,13.078703703703985,12.099703703703986,11.457370370370652,9.817666666666668,9.431666666666667,9.168666666666667,9.155333333333333,9.512000000000002,9.755333333333333,9.728666666666667,9.695,9.658,11.212790123456665,14.344617283950654,16.70142592592598
123,104.93001043483466,100.25782856351972,97.51482177401112,94.8616508149064,91.28959712579561,88.96065625657658,88.39098180745454,89.1840402744865,88.21846898027167,88.1443809774415,86.21145026047594,86.0025629357535,86.03423448293753,85.52140429649975,84.74851134505843,87.21104119415497,93.57943130032322,102.16939217766931,106.17236722291987,103.64323428243344,99.14493345385705,94.20723312410252,89.0906426312943,85.2380146451641,84.01330396610344,83.63733408614985,84.005312212031,83.75324189184572,82.98365483942791,83.26954434698393
125,125.04086335413189,118.17121290397044,109.699224859816,109.87833411969014,104.97131995070887,103.006567496166,102.56851181213213,102.04525341239281,101.11275632386922,98.40774058520992,95.10346739719456,95.94773421109322,94.00248886167941,95.88234559404863,96.21461417304295,94.12478294999671,102.9586461324266,117.80793747316274,133.2846637826076,135.67286105008037,125.91938243058156,116.65164950323977,108.77818374138647,103.31996361894863,98.92663192911472,96.66584717597998,94.07016124664366,96.43292949598161,104.18303201530252,109.42687706165015
197,11.150566666666665,10.455422222222225,10.223340740740738,9.106900000000001,8.759077777777776,8.758377777777786,8.642037037037037,9.451522222222215,9.913885185185189,9.98625925925926,9.985559259259261,9.216440740740738,8.984259259259261,8.867818518518513,9.0987,11.40255555555556,12.253707407407402,11.790144444444449,18.21074074074074,20.63133703703704,17.208440740740738,14.629037037037037,14.744077777777775,13.048033333333334,11.964000000000004,10.477188888888888,10.318181481481478,10.086,9.969559259259261,9.894885185185188
198,17.912637654320985,16.337110648148148,16.232899691358025,15.338280709876543,14.829362962962962,14.491490277777784,14.76998827160494,15.0135461419753,14.616670679012346,13.73104552469136,13.419285339506175,12.701562654320986,12.35685262345679,12.246496759259255,11.984599691358023,13.78647453703704,17.311519907407405,22.06563364197531,29.99580787037037,34.22746589506173,31.062963888888888,28.098832561728393,26.898777623456787,23.78770925925926,23.82550694444445,21.932743672839507,21.388419135802465,18.92081558641975,18.935459722222227,19.522275617283952
129,217.9930991811987,210.14384229317207,199.93936676323375,189.34910497989716,177.74472896630272,175.38337496676158,168.099546622643,163.70011767798047,162.31423942431985,162.18120118972416,162.52391447403852,160.58413348391434,159.69027298742628,159.81974833220832,161.4089498803459,166.5453200299912,173.41702989415697,201.25214037126358,227.9490280635606,256.0973125547864,247.66070344403047,234.2098127172106,211.86681325954154,193.4595295136899,180.13918860750582,173.9239195488067,170.79895952129803,167.97646390904708,162.1653393583673,162.72246220275537
130,243.07235551344831,243.61925118170169,226.84581757560517,215.31753751307753,201.27180498019752,198.64333296039754,201.72317180717803,194.63622541726886,185.88360227692536,185.6220782319168,183.33259875372232,177.2818076618982,175.46108523133333,178.89533113608,182.38757680730504,187.6202439902727,192.32542650425253,218.77095545024693,246.43020757448625,272.05719401677567,277.7833893389442,259.4797702731386,245.16369266319995,223.62204588927625,209.81420719495904,197.04886601873795,193.94245418296578,193.87666835653846,186.81075853843453,179.79966307520687
201,7.524307599999995,7.628815822222298,7.760541299999949,7.096519966666773,7.117788522222147,7.111389522222304,7.077417766666618,7.098141222222304,7.091031222222148,7.252656444444483,7.331752999999863,7.492904222222198,7.484609222222198,9.396216111111197,10.731781333333377,11.545928999999942,10.494561888888931,9.141221666666572,8.363923111111117,7.476902333333284,7.355505666666743,7.122192333333297,7.02603177777776,6.932065666666592,6.922585666666748,6.648675111111061,6.694293222222304,7.50796688888887,8.531210000000037,9.308359333333296
202,3.0584035111111088,3.100882943209907,3.1544253666666457,2.8845207740741174,2.8931657987654016,2.8905647987654652,2.8767563074073874,2.885179765432132,2.8822897654320685,2.947985530864213,2.9801358888888334,3.045638987654311,3.0422673209876443,3.8192777160494176,4.36214459259261,4.693070999999977,4.265722061728412,3.7156301851851468,3.3996818271604963,3.0391347037036835,2.9897906296296606,2.8949558148148,2.855869456790116,2.8176750740740437,2.813821740740774,2.702485382716029,2.7210277654321318,3.0517615061728316,3.467678888888904,3.7835665925925777
