,2019-09-01,2019-09-02,2019-09-03,2019-09-04,2019-09-05,2019-09-06,2019-09-07,2019-09-08,2019-09-09,2019-09-10,2019-09-11,2019-09-12,2019-09-13,2019-09-14,2019-09-15,2019-09-16,2019-09-17,2019-09-18,2019-09-19,2019-09-20,2019-09-21,2019-09-22,2019-09-23,2019-09-24,2019-09-25,2019-09-26,2019-09-27,2019-09-28,2019-09-29,2019-09-30
1,31.156525815247115,32.1338040115536,33.083470534968036,33.93479692177185,34.41970205981446,32.176292655555685,30.470768181580404,30.04187974834267,29.8702075453951,29.491160721356692,29.22598738899666,29.170689721604226,29.0206150390685,28.975462658113113,28.973295043103278,28.689990036880324,28.423386553093664,28.325464403597273,28.3192802536662,28.793161822315668,29.51942717025562,29.726860948010113,30.234351588119278,30.17539613410893,32.36232268376855,37.0875650963557,43.7892093784135,51.05565069861643,50.75278794619952,44.69362808598565
211,75.35395426448754,74.28052259629425,74.78220565276757,75.53031753731292,75.04825871786568,73.2802859317978,70.0660310429293,68.28073048109039,68.19423293489028,67.67341887431827,66.90440543460491,66.38794194499323,66.3365581673136,66.09004048077006,65.34624539900577,64.568709682771,64.27971495598416,63.085900020760064,62.77991607296366,62.78519674442982,62.81090329953544,63.08931982343253,63.20387191722193,63.608455660251494,66.07622797772956,70.81936331201297,99.66041681906432,122.99303399098648,128.73008533345114,122.0940669578969
6,201.58792354670013,201.37066622392425,210.2797842348579,244.2981923338141,273.47504872619834,271.97668030384335,261.5067044444765,249.77076190642754,240.86062248133004,234.11771754530287,225.1650203125819,214.61606584135643,206.9302777033207,201.60291385337163,198.8013918819117,194.6640038101089,190.9707869826338,187.0708264925306,183.49460111955437,179.1834690968717,176.05361696414116,175.31555878167288,173.74146078607708,172.81514239927506,177.38356864480141,196.40616180376026,238.76809056885708,313.5679601907501,368.6990759291028,372.5076521884478
7,249.99575058324666,248.98901161933827,248.99342834355545,258.47512460704604,291.0185130229535,318.7599431729684,317.5445909830635,307.5259421318335,296.11022864113266,284.8822420945923,275.75327589756427,265.02728402635086,253.8463768752885,247.0143284972932,241.53734094908958,237.0676599070715,231.35315546783062,227.4111634905705,223.39692827213224,219.5962010061749,215.06660001271075,212.0136350529977,211.07154193221584,210.2701692567362,223.44170568250618,250.37338030756166,303.7483294966702,336.95436614216817,389.61061759126636,431.94109985493816
8,261.02400317103707,260.2234454620111,259.8963437175198,266.50453141000446,292.02775717229105,321.13346035817085,328.51541324512533,321.18071772980073,310.2192092527604,298.380742423753,288.1101804392006,277.4561145105991,266.2345253035061,258.30839949445163,252.37737038400175,247.2417766918489,241.52212493516816,237.00772842637954,232.985080224466,229.07733808664557,224.69855088688973,221.20964559235335,219.6128353771422,218.942511816084,231.23913344824652,259.1792016837213,312.5445792126489,349.2084138911182,391.2707429238118,434.1524014827842
9,265.7835973924139,264.9174565848994,264.47657415643823,269.5946814530719,291.05568706656385,319.4000208753935,331.37047654816183,327.14988399191753,316.96329720118104,305.0775741983147,294.2613109495469,283.5241596570485,272.3490669438307,263.8085268302891,257.4375151314455,251.98222713990717,246.23188691565048,241.44346243384723,237.30616642159353,233.35597170563852,229.04975708269026,225.37328531423023,223.3661316001289,222.574000707902,233.49352729829585,260.25251681402995,311.5084239086151,350.64838055999945,389.54977095219795,431.2425952872629
10,279.33179795912025,278.23125168482613,277.56984952778,280.24230754254444,294.54589765147455,319.9792044033146,338.9515624042859,341.61495821623305,333.96952380706665,322.1338450441592,310.2452345248801,299.00881025206303,287.81094410816854,278.37907593144917,271.03446193165723,264.757072548582,258.6937311769862,253.43889423695268,248.99538843516427,244.91426476457008,240.68325658778977,236.73817073371984,233.98924078932546,232.8945921752987,242.7233793415179,268.82790329288196,318.99646437363305,360.31399175257803,393.48884062443904,431.10555417837224
11,309.1519427761694,307.7054831934587,306.727755486702,307.4443240028587,315.1555408412404,334.9280287112266,357.5315816130121,368.6569847596364,366.28949879716544,355.0797799605923,341.8181209591449,329.2143295534126,317.53886128478564,307.6848922112563,299.1411619047847,291.346408128205,284.2025854415798,278.3969790682133,273.4698616785856,269.0892642368435,264.76988674226743,260.66794766080517,257.2177143302654,255.75088244020364,268.57908868579165,299.821680657593,358.32260846288733,397.6552580312357,421.89205635550996,450.7830505767993
12,364.8160571739818,363.5773297326356,363.2038246910988,362.71306523427654,366.10219386610333,380.1662295774081,402.4280933564873,419.3696021953897,422.8310714727474,412.83591304052374,397.6157534482817,382.2922445295529,368.6382829138855,358.1709971158618,347.6922958324527,338.1775821051758,328.699500437066,321.95257548871075,316.34433840087775,311.40566117041624,306.7181339600035,302.3953980470915,298.34974219212586,297.07998963671866,322.35192593120667,372.0696872475933,445.4416515263627,485.3775737290212,496.25502930205334,511.09586887466884
14,24.19544979876549,27.446380266666633,30.632779240740724,32.00646153580245,31.922172522222255,30.29720260740745,27.14384963086416,26.388704012345713,25.56407219506172,22.880907624691424,21.79889148641972,21.005959337037105,21.51071791604932,20.181206433333266,19.864604798765345,20.096024407407448,19.899206000000024,18.30022955555557,19.337720703703635,16.72518281481485,20.703545246913688,17.81572495061734,19.881300345679048,20.655398259259243,32.066590024691315,39.57747469135801,42.34423127160493,36.9998853703704,33.032155839506224,29.84631159259262
15,38.45421318641978,43.14840143271604,48.37870792037033,51.52598354382714,52.11746672901238,50.23695903148155,45.85701846358022,43.42602959938273,42.11553319259259,38.66769586543217,36.1020056,34.66393644506179,34.838514537654284,33.586789074691254,32.56385513827147,32.667364269753094,32.56040920370375,30.65304377777781,31.027291462962893,28.590417092592595,31.784954586419893,30.507082987654442,31.400002425925994,33.308543635802465,46.60531769753081,60.80813791358021,67.69367109259258,63.03087665432102,55.869926493827236,50.28184804938277
16,38.73819652233335,43.208853923419746,48.4506002282191,51.905463844052434,52.82529333179941,51.22557687914512,47.09236631152159,44.38129365139815,42.91107824133025,39.678690969308704,36.96424696717902,35.363654136105,35.33926999414504,34.247056593682,33.18017970739802,33.14443609236419,33.06218472501547,31.35126011268522,31.4459198742592,29.32388264527777,31.862411718487778,31.124423182314935,31.75938753253094,33.569604139104946,45.642300705277734,59.94490745527774,67.84838451160492,64.5591891089198,57.60309416129637,51.73458557567907
17,583.0730465874549,582.1785398917098,586.2590388973862,592.8696336748887,599.6310817011737,609.5976518226125,627.503673460693,645.250236915016,651.0129720597625,640.8800856401344,627.115484208306,614.8437052841603,599.0400974121633,581.2613163407079,568.7804004450924,560.3277493488429,553.3426913037968,540.898909123914,526.5547730036031,511.1901443903686,499.1314054972423,496.8335009794378,495.3403916698678,501.64787099988433,513.4634736518911,550.6131190735945,616.1718352522869,703.5607904177144,760.4614415585912,778.9146120770407
18,724.5403723012118,715.2622600496884,719.1811352659081,739.106303627127,754.7704848846926,757.689154059154,754.9943212082345,766.0270575516336,780.1993402425219,785.1184893483107,774.5795704978952,759.368195013243,743.4314267560198,726.0043102718938,704.6463296053605,691.3308319356489,681.5884006049538,673.0371741668108,657.260564567743,640.812714732403,625.5544980476801,612.0528282399292,608.7630256031276,607.1678615996643,612.8012989051591,624.1780940122303,665.7323051381943,741.3721267109918,861.2751164370761,958.5275658248271
