,2019-09-07,2019-09-08,2019-09-09,2019-09-10,2019-09-11,2019-09-12,2019-09-13,2019-09-14,2019-09-15,2019-09-16,2019-09-17,2019-09-18,2019-09-19,2019-09-20,2019-09-21,2019-09-22,2019-09-23,2019-09-24,2019-09-25,2019-09-26,2019-09-27,2019-09-28,2019-09-29,2019-09-30,2019-10-01,2019-10-02,2019-10-03,2019-10-04,2019-10-05,2019-10-06
1,30.233049812978514,29.57253274761211,29.637505990611327,29.26090514302892,28.772534511230436,28.729340804361552,28.596838941728254,28.549901586947207,28.47497529333992,28.074919730553738,27.66614793263678,27.49701900734704,27.285600422229372,27.603302187743797,28.394133646168886,28.580080357497014,29.0119912853211,28.914421039843724,30.965836596527605,35.436807597264576,41.672125659929215,48.3417388565571,48.49429535891042,44.9907781549791,41.18102564437155,38.354777076568155,35.27325076008422,32.54432988402209,31.17599261537977,30.391139149514398
211,69.82194845325772,67.93684898942952,67.83334843021866,67.31611571234698,66.32146674613773,65.45073370725677,65.07380912253785,64.52876693778524,64.00531972356382,63.13866988877653,62.73943392696344,61.49109809221009,61.105889869049314,61.063926634673216,61.34426899616038,61.60991518487576,61.67731776179991,62.01414273817673,64.40982938164873,68.99637943567075,97.43968550742373,120.16837584682503,125.54311222155815,120.15595503816093,108.88114579857582,97.94143534829479,87.51310953225305,78.60709232739127,70.04399976617104,64.87234326248432
6,252.03572137955234,240.42414112417168,231.0089571757232,223.75104912334402,213.8556051631239,203.2989379640224,195.450152322215,189.8522378900952,186.21892627679867,181.83592993522075,178.28119161615243,174.17387968820387,170.3686575823923,165.956617157442,162.73251567556025,162.2020789349661,160.9823198004418,159.60574724620102,163.7395077653822,180.95331319934542,218.9809449517329,286.08799917862154,335.9715410331087,336.40440904370473,305.97649692471055,269.2383303046908,240.66913488782922,220.06695401834935,202.7573473244495,189.66844893968948
7,307.1345037640355,296.49065274564987,284.4586419419127,272.4501227461236,262.93633104807856,251.58181153315735,239.91593086854022,231.85524283409188,225.34594638480638,220.10529906543846,214.2148559896064,210.32208971884023,205.92370606301898,201.78167064058053,197.11492696671564,194.012757142427,193.14402480962946,192.3745570624942,202.11536823669684,222.4125731125472,271.88413923721464,309.69766060130326,363.87314109923045,397.67351214025655,384.8946284011263,344.8379859538568,305.950393576339,275.7653027143833,254.03302044534573,234.87464632589305
8,317.76078494828516,309.9655894180802,298.22031692224215,285.5857409898504,274.84909282687227,263.7011004309059,251.84402377408787,242.6612776779582,235.47028267757588,229.49589757784003,223.43914192157334,218.89102667338219,214.57003964630056,210.28134463066482,205.69744070080236,202.14117428937072,200.5495825745779,199.85658387505768,209.04446314985617,229.86697582085364,278.0733189235117,318.9580834216761,365.5427272127208,402.04982480355613,400.10442952405,365.84246086622886,326.0393264230165,292.8665010943779,268.37636432133246,248.00004462117641
9,320.5405070513506,315.8808216422113,304.90959565603157,292.20406850701113,280.86709695516055,269.6681039664135,257.8420595445024,248.07297081600223,240.3721824270487,233.99383412411365,227.80699637587685,222.91450108020896,218.51719907708065,214.1920284107318,209.64057799482876,205.87114627606203,203.84068590646746,203.00410290191022,211.17314846419112,231.06319543618272,276.56207690374185,318.8360241035971,363.0668763690565,400.33442259637997,405.26115194480207,376.8374554992413,337.9509778517484,303.21083611404276,276.7907912721609,255.36409295383476
10,327.93509842830844,330.1000520904598,321.61876585232284,308.9027823853524,296.4092753809257,284.7616851374796,272.8630386395156,262.15336796877784,253.31942499131154,245.95945473184634,239.271543409935,233.75367664421105,229.0670816176681,224.6267434699434,220.08646574561482,215.9938418408417,213.15423155041034,211.945008672474,219.3363562432838,238.60976025648395,282.01448326563604,325.2426237451658,365.32113730804315,401.65891838492644,416.80272218753544,399.71620965946187,364.50898716502195,327.5090330468399,297.27604489184495,273.2156371984511
11,346.0471247016192,356.4337870851573,352.9632923513729,340.7276787166114,326.8137110599058,313.8698185238333,301.35115737153853,289.8605043590702,279.48274181181563,270.4242394804842,262.4595819216416,256.16451533987856,250.8770284095996,246.12350420814454,241.44760963519104,237.13707392446622,233.48209215861036,231.7363753472959,241.46985387124377,264.330722426115,314.8204997922259,357.2671087566657,391.4689681454406,421.1221366958459,439.5871897203971,432.9019502032834,405.23610683458674,367.94417235201394,333.55455225588275,305.17266875474826
12,390.83000213669055,406.7939197089851,409.0047578819866,397.8272409895844,381.84871298569755,366.16320954361925,351.689341052651,339.48180620527074,326.9344046825275,315.91058958555425,305.4323010704212,298.01108101948205,291.9058579977253,286.5482066393777,281.4805644598495,276.8957306547173,272.58175342047235,270.93988314782735,293.0950443746117,334.1496119130016,398.46462563882693,440.4143460950123,462.1281443809193,477.5805555164974,489.3667534293832,486.1959079355829,465.7165370176951,430.75666280418255,393.03435897873095,359.8963366628855
14,27.14384963086416,26.388704012345713,25.56407219506172,22.880907624691424,21.79889148641972,21.005959337037105,21.51071791604932,20.181206433333266,19.864604798765345,20.096024407407448,19.899206000000024,18.30022955555557,19.43231946913573,16.725182814814847,16.541199567901227,15.663603037037088,17.823777197530887,19.756709987654343,26.603511320987685,34.49279104938274,40.570504419753135,37.63842703703703,31.920620345678934,30.075815765432047,30.34245562962961,30.55854948148148,26.167554802469212,24.327351506172818,21.774630308642017,21.852553203703643
15,45.85701846358022,43.42602959938273,42.11553319259259,38.66769586543217,36.1020056,34.66393644506179,34.838514537654284,33.586789074691254,32.56385513827147,32.667364269753094,32.56040920370375,30.65304377777781,31.13431306790116,28.637716475308643,27.07600396913581,25.991168635802524,27.996221561728447,31.263076814814852,39.97547587654326,52.324187296296344,63.14467417901241,62.86640906172842,54.93169346913571,49.98572327777768,49.36497636419748,49.74276788888888,44.88318869753095,40.60583004320989,36.797780351851884,35.60957558950612
16,47.09236631152159,44.38129365139815,42.91107824133025,39.678690969308704,36.96424696717902,35.363654136105,35.33926999414504,34.247056593682,33.18017970739802,33.14443609236419,33.06218472501547,31.35126011268522,31.54116910265426,29.379356796512337,27.677358091944452,26.516640582006225,28.165533269413633,31.323666060401273,39.48605813197536,51.56546117827166,62.73928343135809,63.84418833731484,56.74750832024683,51.3537554008641,50.18304437385796,50.44168546663578,46.163883926913655,41.74958732564817,37.82575326854941,36.29224481864193
17,616.9679307270983,633.4881294682275,638.0871703475982,626.4708602048602,611.1428424846176,597.6970467518755,581.1851437530685,562.3799643758178,548.1333687503661,537.4853350313356,528.7995829709826,515.1725513547124,500.1351353303081,484.3432815556806,471.7804547815699,468.9224864720462,466.99698662746266,467.76348745319143,475.77291203661497,510.73968853516544,568.8568679750834,644.7738775326536,699.3299516388664,729.8910226532468,748.6682175386666,747.648045152701,722.7662701816761,682.70959163315,637.1876914673402,596.0179814850912
18,738.9270980789329,748.2077057855306,761.2306801901766,765.1190642279504,751.8770606611743,733.9948288612194,716.9862436798929,699.6206594756184,678.9368193491704,663.7450676848916,651.5915120434419,641.1283440093099,624.0206288621584,606.5591348484472,590.3882265133487,577.8527980377976,573.6168185291568,571.2123993304364,571.6428616540148,578.7569971030407,616.9452593362164,710.3188865332047,822.6179351251991,870.686109730404,886.9044151086314,903.0802008256128,907.5543967040934,877.9905117435915,820.9242287898976,761.4976310133702
