,2019-09-01,2019-09-02,2019-09-03,2019-09-04,2019-09-05,2019-09-06,2019-09-07,2019-09-08,2019-09-09,2019-09-10,2019-09-11,2019-09-12,2019-09-13,2019-09-14,2019-09-15,2019-09-16,2019-09-17,2019-09-18,2019-09-19,2019-09-20,2019-09-21,2019-09-22,2019-09-23,2019-09-24,2019-09-25,2019-09-26,2019-09-27,2019-09-28,2019-09-29,2019-09-30
296,33.25798765432099,33.24376543209876,33.08877777777778,32.94767901234568,32.781888888888886,32.6269012345679,32.43333333333333,31.944679012345684,31.739975308641977,31.74977777777778,31.569765432098762,31.26012345679011,30.749864197530872,30.619234567901234,30.2849012345679,30.090999999999998,30.04061728395062,30.064308641975316,30.087666666666664,30.11102469135803,30.418333333333333,30.739864197530853,31.215382716049376,31.55818518518517,31.589259259259254,31.637308641975306,31.291839506172845,31.423222222222222,31.537629629629635,31.76844444444445
277,128.4142548400108,128.82669178333788,125.5462496249562,123.32819221199952,120.07028611449367,120.53185791861547,118.93689588428838,118.69146800377113,117.74180556468833,115.16198633597354,115.62839736229607,113.85586628530855,114.77381070824335,108.82439068158061,107.15687380833192,103.5538342088421,101.87497703178606,100.9241127350504,101.66424498892961,104.11179872166555,104.59294234445093,102.25314833941958,99.64602641584258,97.43821052549077,98.13089151846559,102.4444739484049,103.72536450732099,108.9286640834841,110.47006502267986,114.4064301204206
279,57.36321521244115,56.44881521244167,54.12001790410996,51.79862059577929,49.18380982910562,45.946103099933865,43.08290040826559,41.57717752908359,40.12677483741531,36.73306541657526,35.525031260634634,34.63167613701411,33.90523227959919,33.967150246239136,33.87350249716068,33.150970319308996,30.55759507163425,27.446286296176073,24.343880115646737,21.33596011564674,19.09377550915932,18.082732914230476,17.687875363321496,18.099957666555728,19.86047565499821,21.33280472213205,22.772371777703114,23.8044362383527,24.19932623835928,24.193242905022874
145,63.49654938269574,61.468916049388724,60.44324938272206,55.777607407409846,54.756274074063356,54.71228271604224,54.337291358021126,53.964933333333335,53.95326666666667,53.94393333333333,53.93663333333333,53.26496666666666,53.2623,53.92863333333333,54.26376666666667,57.24264197531221,59.55661728395777,62.20559259260332,62.21392592592349,64.22359259259015,64.56759259260332,65.57925925928313,62.48670679014598,61.06082098766234,61.17235802469236,65.59253703705059,74.08722839508418,82.91491975312589,87.33343209879332,88.77397685187702
291,56.173,54.173,56.18313125,62.16286875,61.173,66.1932625,64.1527375,55.173,48.212525,48.172000000000004,43.161868750000004,43.172000000000004,42.172000000000004,42.172000000000004,41.161868750000004,41.172000000000004,42.182131250000005,38.161868750000004,38.172000000000004,37.172000000000004,37.172000000000004,38.172000000000004,39.172000000000004,41.182131250000005,46.182131250000005,48.172000000000004,48.172000000000004,48.172000000000004,48.172000000000004,48.172000000000004
285,4349.404378518516,4177.996685,4070.9880908333344,4143.719049814817,4049.590115000001,3956.3861316666666,3829.557531666667,3740.2507008333328,3662.2628333333328,3569.185586666667,3558.4528625000003,3565.7957091666667,3565.935415,3527.763709999999,3530.7984949999995,3449.0650008333337,3489.579692500001,3471.515941666666,3536.038202499999,3628.9512824999997,3844.465014166667,4089.8467731481437,4187.15423,4053.48973,3933.2277601851897,3691.386164166667,3588.764924166666,3479.041341666666,3422.4893724999997,3420.8540262499996
287,4636.689024695216,4405.886706288578,4235.532736076389,4137.1208680131185,4201.465895864199,4105.956150694446,4009.4197416666666,3882.794546215278,3792.771706354166,3712.7376947222215,3622.928027326389,3613.060271944445,3620.105115243056,3618.0672172916666,3581.6586643749984,3579.9167652430547,3503.8939204861113,3541.6927612152786,3528.0526667013887,3595.1727983333326,3696.476173819444,3916.971184679784,4157.665020516971,4243.313145833333,4108.3756840354945,3979.3650295177513,3741.7615216666672,3637.173433229166,3528.804137118055,3474.5154568229163
269,301.61558730159084,302.92397883597266,308.4526772486642,309.557322751322,313.120761904759,317.6468783068739,323.38523280425005,327.92847089946355,329.60740211641,327.38193650795,328.39561375661435,331.8000582010614,331.1870211640239,329.1298095238043,330.85279365079526,332.98306878306437,335.1226772486728,337.2932169312239,336.76257671958325,340.6903809523854,342.9761534391533,342.64930158731005,349.118587301588,352.01587301587807,354.8734391534318,364.0743809523723,370.77455026455056,374.49685802469367,380.597140740732,380.6416296296397
290,716.3792962962962,696.5106543209877,687.1185308641974,672.9298641975306,664.018283950617,637.152913580247,611.0687407407407,604.319197530864,603.8756666666667,619.9902345679014,628.4174074074075,638.3491358024695,621.9267901234571,611.333074074075,582.2260864197523,569.9811358024687,544.3330617283942,531.1856172839508,512.6578765432101,493.28412345679044,476.6892345679014,461.6257160493824,448.2449629629627,439.68716049382664,432.9487160493823,425.19054320987624,414.4100123456789,400.49755555555583,390.0550246913585,383.9337962962969
227,440.5687928626481,430.6360670138704,425.49848128857064,421.5290809413687,418.0551244598787,415.7860278549546,411.48329417437367,410.11936118828794,406.95725065586186,401.5290809413687,396.13454830244103,392.70334116513476,393.0703115740775,384.70334116513476,378.0030374228113,367.2690966049259,367.53515578703696,363.46788163582,365.8348520447627,363.76757789349654,370.1009112268755,372.2324221064578,368.59939251544796,364.8654516975134,368.76454047068523,383.12847345681666,395.72179112654885,410.1835979174725,422.9817754637654,431.1331423044664
228,443.7341033018267,438.84606699008623,430.8655161622751,426.3434764268877,422.7890825231238,419.8769352417656,417.64968678143845,415.08151344234597,414.2094813802352,410.7462726141606,406.589181421689,402.62726177627985,400.9996466316316,398.6864698031749,389.6844367553437,381.46489726875257,373.9508638663777,375.6775711966339,377.6721368939884,384.5467118987889,391.1541519675956,404.91704634453316,415.73065884610804,420.39921533243484,420.993426663733,423.13689129535254,430.1487466660234,439.3680588479918,453.7728811833015,466.6023130145551
229,526.4174778868356,515.4747975024961,506.49149869439,494.8264268918872,492.638681522898,489.87321197961353,489.89634299965303,486.68057273852014,482.3292079754378,479.1441687484593,470.5394175596469,468.4022569321088,463.0994075101534,462.4052130903027,457.1474301717704,452.4191627369625,455.50406383042025,459.70664038294893,463.9222285044267,459.8390595230877,450.07288654291324,444.5849374842314,445.6826401179245,459.6916397675336,479.7979881124378,502.72307782208117,523.4009928072976,538.8508115243328,547.3827537806299,550.9161636295655
230,528.8704263091519,519.0694291479286,509.52324826897654,498.6239065620617,493.69752069996434,491.0894424519604,490.3310256354747,488.08916469246157,484.0862696591145,480.56880048410574,473.49601625082863,469.4764032318086,465.07049600822484,463.04142757387024,459.0866272618968,454.19557971100284,455.066523594828,459.0066594995723,463.27463205232885,461.626232503756,453.50710943990856,446.7929490430136,446.00608512754184,456.35961803639765,474.82989995628515,497.0798363234352,518.5084696310538,535.511862259642,546.0687008447654,551.0682079402926
288,1053.5660617266856,1031.8664853241796,1013.8263956250281,986.5833396521907,974.961849526545,954.2155232946537,956.8247649363485,948.1579966901965,947.8206325038008,945.5422152654868,935.7303177457064,930.0262771447611,910.3126949793435,906.1056317498387,887.0229315415735,873.0442831166025,863.8869786735323,863.5440703508549,866.4506226500926,857.8042313733803,850.3805216213842,839.3682369837333,824.3300728638378,817.936372127345,803.971339253393,798.9071682415874,785.5235072823161,773.3642298705614,759.3781478955898,752.4880756721765
