,2019-09-08,2019-09-09,2019-09-10,2019-09-11,2019-09-12,2019-09-13,2019-09-14,2019-09-15,2019-09-16,2019-09-17,2019-09-18,2019-09-19,2019-09-20,2019-09-21,2019-09-22,2019-09-23,2019-09-24,2019-09-25,2019-09-26,2019-09-27,2019-09-28,2019-09-29,2019-09-30,2019-10-01,2019-10-02,2019-10-03,2019-10-04,2019-10-05,2019-10-06,2019-10-07
1,29.57253274761211,29.637505990611327,29.26090514302892,28.772534511230436,28.729340804361552,28.596838941728254,28.549901586947207,28.47497529333992,28.074919730553738,27.869203437290885,27.69847901816219,27.68807435925568,28.01319305948834,28.81547825528472,28.955537934605132,29.40243861538168,29.316580016629253,31.411746741477376,35.96615551842395,42.316662461146336,49.11289462287986,49.29454428101376,45.77529663313961,41.943021473867226,39.08465329369975,35.9645887569474,33.22714463220697,31.851897069263963,31.067081202720917,29.64291258400158
211,67.93684898942952,67.83334843021866,67.31611571234698,66.32146674613773,65.45073370725677,65.07380912253785,64.52876693778524,64.00531972356382,63.13866988877653,62.83250103326324,61.69342232885467,61.39948126271125,61.449603993259004,61.48332852022596,61.709688117848685,61.752970910681725,62.092919361989225,64.4930039607765,69.12037069002572,97.42209955721498,120.08273186500006,125.47930185031962,120.10336144808397,108.86814949164302,97.96302899305577,87.56206011693357,78.68653741231827,70.98230411148265,67.44796848901653,65.77060738257478
6,240.42414112417168,231.0089571757232,223.75104912334402,213.8556051631239,203.2989379640224,195.450152322215,190.443966658753,187.34947217375642,183.45741126936855,179.85034258783514,176.2415867382915,172.86627445498297,168.4731768597029,165.32231798046323,164.80238407661466,163.50391604312884,162.1731080620915,166.5024265340797,184.26228921461228,223.39319941270998,292.11455119899534,342.8738727947673,343.092500132395,311.9656903851416,274.5604563188404,245.6207313003299,224.93359389636265,207.5489112481889,194.52268657431546,184.5582390635156
7,296.49065274564987,284.4586419419127,272.4501227461236,262.93633104807856,251.58181153315735,240.08246999885003,232.20334449722552,226.42458341688047,221.84849986561548,216.40120909050657,212.47778865844762,208.5766837411456,204.8454147478013,200.31521261324082,197.3165653402959,196.47761831563616,195.68524231353132,205.81568815822897,226.80968453808543,277.707584099025,316.6671491472106,372.1612514191472,406.4344281353632,393.1383435010006,352.16764485345624,312.58411193806137,282.0236749995046,260.18520095731844,241.72030356513372,237.89234802870263
8,309.9655894180802,298.22031692224215,285.5857409898504,274.84909282687227,263.7011004309059,252.00042109838523,243.03106505568374,236.44302940518676,231.18192864667998,225.6271004677548,221.18622982495432,217.2089063966901,213.35574446659328,209.0149803861173,205.579458011634,204.04446590715554,203.35560811995322,212.89071136219837,234.43272722295683,284.05040346132597,326.1679180771474,373.9597166252927,411.10380320374253,408.8647052109632,373.75447177923854,333.1822653833831,299.5367298711749,274.85690254120397,255.11685671747492,249.11303046800873
9,315.8808216422113,304.90959565603157,292.20406850701113,280.86709695516055,269.6681039664135,257.98177703372977,248.42918805121712,241.26366400749322,235.58781381999006,229.94453491816068,225.24138784631504,221.13864663927887,217.2296767129082,212.97246160875287,209.35241413622893,207.3941130500227,206.57743304411562,215.0544673443424,235.6329279260329,282.4808524338807,326.0268049975142,371.44484849415977,409.43402491348417,414.2339441077101,385.0568443594565,345.3808592838982,310.10466916639393,283.43390426456773,262.54424546944546,254.54487397897506
10,330.1000520904598,321.61876585232284,308.9027823853524,296.4092753809257,284.7616851374796,272.99004058892626,262.50774559366135,254.11477399897032,247.42252137241206,241.33752317500728,236.15624339449312,231.72080306133483,227.64543052353798,223.48171799579674,219.6078199316553,216.87882971020255,215.7251115791235,223.3966555498223,243.33291461224357,288.0455750034296,332.5836864458785,373.81235610219437,410.96806327393114,426.26131931205674,408.62333823715534,372.6303875887695,334.9842103600234,304.37570119729645,280.73250769386055,269.84038367481185
11,356.4337870851573,352.9632923513729,340.7276787166114,326.8137110599058,313.8698185238333,301.51626046818353,290.298522126291,280.3409611929132,271.9147359778078,264.570052089076,258.74395624619757,253.75130586285155,249.30460959341693,245.06984469531662,241.07702252519394,237.60074531685075,235.96896963319753,246.07627910847395,269.7055560542413,321.703603607173,365.47226684574133,400.7425771149085,431.161648811895,449.9378811290429,442.91956048330917,414.55996589399217,376.5418580838523,341.6281595790087,313.7324993687136,301.99868641772497
12,406.7939197089851,409.0047578819866,397.8272409895844,381.84871298569755,366.16320954361925,351.8521021238061,339.9371574065598,327.8045408170961,317.3720485774472,307.50830010047287,300.6246980023972,294.8948200212073,289.8376112022532,285.20032838030824,281.004257720719,276.94282465130624,275.4668651253408,298.025405233145,339.88180500674207,405.743364201552,449.1099427478248,471.8917846310392,488.0913279319383,500.2726131117304,496.9686502830398,475.94268145934143,440.26413397486544,401.91559336364224,370.02550885648236,355.1003978635864
14,26.388704012345713,25.56407219506172,22.880907624691424,21.79889148641972,21.005959337037105,21.51071791604932,20.181206433333266,19.864604798765345,20.096024407407448,19.899206000000024,18.30022955555557,19.43231946913573,16.725182814814847,16.541199567901227,15.663603037037088,17.823777197530887,19.756709987654343,26.603511320987685,34.989434567901206,41.0671479382716,39.12835759259258,33.41055090123462,31.04545311111111,28.355881555555595,28.098981580246864,23.755286283950603,24.351001197530827,22.23802046913582,22.337909197530934,20.620275629629685
15,43.42602959938273,42.11553319259259,38.66769586543217,36.1020056,34.66393644506179,34.838514537654284,33.586789074691254,32.56385513827147,32.667364269753094,32.56040920370375,30.65304377777781,31.13431306790116,28.637716475308643,27.07600396913581,25.991168635802524,27.996221561728447,31.263076814814852,39.97547587654326,52.88605072222221,63.95485936419751,64.80032109876541,57.362249024691415,51.82766000617286,47.60234133333338,45.96691912345676,40.92435382098762,39.426451185185144,37.33384838888889,36.39036427777786,34.49711308024701
16,44.38129365139815,42.91107824133025,39.678690969308704,36.96424696717902,35.363654136105,35.33926999414504,34.247056593682,33.18017970739802,33.14443609236419,33.06218472501547,31.35126011268522,31.54116910265426,29.379356796512337,27.677358091944452,26.516640582006225,28.165533269413633,31.323666060401273,39.48605813197536,52.06551962734568,63.53058117441357,65.6666431984259,59.15244176932103,53.296898533580276,48.84454128743831,46.860850686543195,42.16853979111107,40.20508578243823,38.15543146425925,37.054155255833415,35.25122617614207
17,633.4881294682275,638.0871703475982,626.4708602048602,611.1428424846176,597.6970467518755,581.0410118143426,562.2534298921323,548.1476910771589,537.7568739453015,529.2932397239432,516.0924543105148,501.45441775754836,485.9465041209586,473.6222262219093,470.70719382627425,469.04491210797994,469.9122435175653,477.9766779058358,513.2053381015576,571.985532895146,649.103041809451,705.2293801566234,737.1229211396209,757.5726494718352,758.0507528031352,732.5891245327222,688.0624489710492,637.6584337710531,595.2480660082983,568.0839296267965
18,748.2077057855306,761.2306801901766,765.1190642279504,751.8770606611743,733.9948288612194,716.9862436798929,699.5005495266801,678.8073519563114,663.7359138766047,651.8836819135522,641.7784583827512,625.5237277334362,608.5947309643524,592.6330083899395,580.0252153356884,575.7926518269027,573.6100305006039,574.1745394285828,581.3940126501775,619.8782159347028,714.0096367069198,827.5781179506889,877.1891142993105,894.7259668458189,910.249356673614,903.2452816212558,871.3530051028058,822.4672133641363,767.1181317667802,717.05210912316
