,2019-09-07,2019-09-08,2019-09-09,2019-09-10,2019-09-11,2019-09-12,2019-09-13,2019-09-14,2019-09-15,2019-09-16,2019-09-17,2019-09-18,2019-09-19,2019-09-20,2019-09-21,2019-09-22,2019-09-23,2019-09-24,2019-09-25,2019-09-26,2019-09-27,2019-09-28,2019-09-29,2019-09-30,2019-10-01,2019-10-02,2019-10-03,2019-10-04,2019-10-05,2019-10-06
47,181.4289964379013,159.81612425808092,143.00035482111008,133.38512932816695,121.71112503396732,107.82203229855097,97.1105281357172,92.41109074231292,86.69318094299284,80.85577415681384,80.3383647253158,82.53077164848101,77.9331078817026,71.88092549997204,72.45600652346207,77.41672812808314,89.6066887262743,100.10088548311444,108.91481778671874,120.09570410790056,104.03831338328283,95.64676873916383,94.54775445049785,85.93649778752656,79.45000568927824,75.18206861360937,67.93716851124863,60.5108480416353,56.16981271793469,55.62415551643077
48,187.50093365138045,166.7994214147336,148.65969110543446,137.40360784799182,126.14076975788545,112.65572097588705,101.15356499340889,95.11076627056616,89.57919780466095,83.74263798700153,82.03462406927508,83.62261725950628,80.454044329377,74.68813939699433,73.87033979016311,78.11499728348532,89.10341064338449,99.80980534484023,108.82757501970828,119.2773185861684,108.941674949905,98.89869611232903,96.22906702923714,89.19195551236841,82.1930572978209,77.40766092107225,70.75421090327445,63.30247534135724,58.29151776147154,56.93766269316918
49,250.89497285987042,225.45175764351987,199.87246034323297,183.30234868720072,171.4965285571563,157.60302982369268,142.83811468806354,133.0377222116668,126.65814738723532,120.44620982166083,115.6819901800971,115.23255574626921,113.8627612020382,108.76234043053555,106.09527028999423,112.59814114493761,127.5712243349351,135.32869622425608,141.9090213380258,146.9991387807493,144.39761903168682,133.7609299380299,127.42478767111146,121.84154872360192,113.56301907169677,106.85303178914006,100.16490219168931,91.73646348873024,85.35907936015369,82.36735229014255
249,256.10418181510056,231.28818574768744,205.57594210131003,187.84135832069683,175.3716810009016,161.66329711869938,146.8348952190448,136.2898771205054,129.48377157621076,123.17594355966237,118.1914535663364,117.24695282577775,115.94592882993066,111.3310538017345,108.64764712096579,114.3400905599377,128.2285821345055,136.7148701743022,143.30180018132612,148.52240164451604,146.99444718073883,137.390542479754,130.3896474119755,124.51149412745151,116.47228585281121,109.56378884030325,102.76198240180568,94.45332486530802,87.7759156454793,84.33599623512877
50,332.6498264557939,301.0478751029625,271.68423530972234,251.9906373033004,237.1482162654574,221.69120651319653,202.6757763004851,188.4818221488497,181.23524339334233,172.9844839944112,166.84813269782802,166.50996474634383,164.0921663479234,160.3738190758769,164.67264080535935,177.74598143694743,189.96209192294322,194.77851882650074,198.0758067498595,202.0670016008235,204.1962319521344,196.31427389328724,185.796083261074,174.73811930574874,164.51984969550472,157.4087291144901,147.80923401689063,137.23553567397448,129.25891513599817,124.78726137563876
51,341.15890895002735,309.96114356712246,280.0412915219879,259.1441103911254,243.60128110407265,228.06673003223176,209.12718298059232,194.12660465385105,186.0716071779756,177.79054788387535,171.33017234244036,170.40268490924547,168.1364538568255,164.60765229827462,168.53751730899404,181.24796173693792,193.51328500379827,198.85232280954443,202.05030020505305,205.85075511091657,208.4178194543386,201.75969407669152,191.29879774044898,179.90868196053881,169.4004161517172,161.9219897551179,152.39449461601498,141.74209184176138,133.37660020170182,128.44686920903527
52,355.96945917767374,324.73905725779764,294.0412650375877,271.9307257578111,255.47671572219656,239.62313928949774,220.35781609598007,204.37743859006443,195.51661667929432,186.9476843875295,180.11006575890985,178.72277276956143,176.41867426290673,173.11776196566296,177.38448783975971,190.47878866151143,202.68778597045846,208.1088393141686,210.96725228507594,214.46345195471423,217.64455324183697,212.1817473917893,201.63115353263106,189.5073762080902,178.4869796799965,170.64483165116206,160.891142856111,149.96002861807025,141.14471051679345,135.70936410314297
57,133.88322753211253,121.42730850750979,115.50213305301918,104.43773277343574,102.17085440361019,90.99419359791356,90.1066248989527,87.43787488878077,81.69304109511302,73.63762354063725,71.48383877012701,71.9104011331539,76.56026083795338,100.44906457231376,138.7439006235639,153.30037813967652,153.9061405882207,162.2434211074157,138.4561061101401,131.98166421048484,119.52919176197616,110.81254225137016,102.78879903322598,91.61668779899176,90.52050076757936,87.01955179894188,81.63681239131122,81.6122905510682,79.59433556194438,77.14825102314785
61,825.110571404722,737.6943695296437,647.9842339500062,592.6009299592575,556.4455476534716,541.2110045634998,510.6826182189601,481.65352286823247,460.4762434899731,459.06174147003253,455.29172897240915,436.62033027717985,420.61225997324834,424.6045496134849,446.7555829021668,488.6180733708409,514.6441808266959,533.0510689841651,551.7758423867449,529.8969046735695,503.4462609294877,480.0918651340916,461.0593105508874,443.6202936232875,425.8552795792144,412.1279412239051,398.8483918971877,389.5062065188695,391.6191259662032,392.187064146216
62,889.126741835932,802.8714363612486,713.9865991635819,645.6968627884368,600.7887556925821,578.1243411415762,552.1387242331284,522.586099744992,497.86784326225643,488.5941542062783,485.38230717110775,472.0504469202013,453.25255538848774,452.7108168753002,468.81912462913516,506.6042675700698,541.5705830358544,557.0757927180757,573.6003102349856,569.5122334753014,544.1433364750816,518.6026584577166,496.8317682851667,477.84988552693915,460.0055522358205,444.65865732471167,430.43276681736074,419.61592607655706,417.2582294776012,418.10578059696115
63,997.7417543719672,926.2176184367855,838.706607154954,759.4154488475177,697.9131888147904,663.9530745778274,636.6471747514684,609.2951235311884,580.608476328882,561.9183080442871,554.3643030743993,545.8743567971769,526.1211220451938,522.5461420841958,531.3412148573551,564.9201862912845,608.0920837878735,621.1436266233186,632.2081300608234,644.8805987132831,630.2196450092083,602.465658217431,576.0177900902623,553.2510942870289,534.2658037280771,517.3436295488283,500.65662150923976,487.9851128804198,480.65369436941876,478.89682543212297
