,2019-09-08,2019-09-09,2019-09-10,2019-09-11,2019-09-12,2019-09-13,2019-09-14,2019-09-15,2019-09-16,2019-09-17,2019-09-18,2019-09-19,2019-09-20,2019-09-21,2019-09-22,2019-09-23,2019-09-24,2019-09-25,2019-09-26,2019-09-27,2019-09-28,2019-09-29,2019-09-30,2019-10-01,2019-10-02,2019-10-03,2019-10-04,2019-10-05,2019-10-06,2019-10-07
22,21.582553210780972,21.533635399496344,21.49130656584747,21.444755802460413,20.763563623307,20.222619185464325,19.394035240394363,18.903217220503958,18.831971159438364,18.754420992521204,17.91298125961457,17.380079162867318,16.530279691234227,15.99674920913574,15.36598025018339,14.682472377096609,14.399429324870717,14.221461873595,14.148430284123604,14.133562665695655,13.904875421655575,13.779916784836765,13.766226329957002,13.577904091039779,13.44622009255076,13.400473703954628,13.21163269271237,13.055518562901801,13.016120373941686,13.531492084964828
251,35.110829538255246,35.03850020563637,34.9663783450317,34.89279701171046,34.10248815999459,33.15277983756252,31.949308623582727,30.982347579870336,30.656714346692738,30.533768567232894,29.547518662574568,28.5267423701091,27.30340329879903,26.27773956484719,25.300718219611767,24.21569276109072,23.555227745414925,23.213311975385828,23.042093492497656,22.988836517662193,22.723897153167314,22.468848074241542,22.390953081028503,22.172053950417602,21.92961450745713,21.812261330809655,21.576750087267257,21.306542533038293,21.18412246674296,21.744740298902784
24,100.37271215787865,99.48861419869667,99.07502409741922,97.90304228722552,97.64060837799678,96.45846941790231,95.45926032004398,93.7829393007567,91.61879150330165,90.14514100660953,89.88282665808123,88.1546002818124,86.89825358189631,84.99291279514185,83.60231135830816,82.93333147960229,81.26150373951546,80.40773895526071,80.6691688871699,81.20115209914061,88.1390896342966,89.90546953436635,87.55068955653275,83.99452006646257,81.78114863920334,81.09204842719502,79.82884629565149,78.4744945969417,77.68929266635064,76.81855470688575
25,75.02174224067208,75.4057803642153,75.18854381445935,74.69336478978722,74.7593396566674,74.24677237950401,73.7847716495881,73.07013627663657,72.47451614305852,72.18627245422628,71.93618787276604,71.9494957115826,72.01021695723317,71.62262968753147,71.47863832544287,71.7152883306648,72.68922350450549,77.0151951030293,94.65075685706935,117.60245822945194,138.7410651765114,134.09341236259726,103.39847281510077,93.62301223583059,88.70288856914603,85.27039232658,82.69597984190517,80.43966149511054,77.66791621496215,76.21586963000999
206,77.35494361312388,77.33433514782377,77.34478045170215,77.02073312852309,76.81243262985663,76.61066006643992,76.16686517570348,75.51106354401712,74.78198784771604,74.32680697606038,74.09806020600988,74.01241491438539,74.0026060078722,73.75056742240973,73.39409107859639,73.36789365286249,74.00456112222788,76.90305135451864,88.7867605761126,109.90611500487168,132.5420833075245,139.85047490253663,120.77529920039464,101.05572726746514,93.69027084587603,89.41119472576337,86.27769525534973,83.75636769480869,81.16908207135047,79.15085003571409
207,77.81099375773188,77.60170011020702,77.5996880823864,77.35079439823889,77.11624499880914,76.91881614443125,76.53061534355322,75.91186214079899,75.18818851070806,74.67268917821188,74.40162206227973,74.28888501208972,74.25717698275773,74.04686215724753,73.69953907258203,73.59348518838094,74.09213763766,76.53302337705965,86.58835901198614,105.85914782026708,128.2624498671904,138.7812543619377,125.16283319159396,105.53300837009243,95.56628163322787,90.62361578678775,87.23072968976531,84.56696430626522,81.98694773494431,79.8549974249218
28,78.91435776678038,78.33771861103916,78.2176950618781,78.10536462604098,77.85851913467681,77.65621887709099,77.37581870146342,76.85525455860945,76.1603690687838,75.53296569379577,75.15133069026817,74.96595912586284,74.8790968838924,74.73710764088212,74.42803762857365,74.17483310285881,74.37132878474029,75.87375847760366,82.22638205141638,97.07070938745514,118.10766273825334,134.60991861463265,132.96453750457323,116.23360946068392,101.36934268051003,93.86522119640999,89.6477056456671,86.58361508524044,83.94619080150086,81.60181029621337
205,23.242319071175473,22.745031815891675,22.96599552724976,23.080006347488116,23.211913993138488,23.290256563547043,23.325247363112528,23.436212446697997,23.52617506307996,23.559099833392963,23.638561252616196,23.081848055269347,22.076487582162713,22.1837496183023,22.312176165739235,21.3045456143663,20.589548384444374,20.663372980529182,20.626075432414876,20.14774075827906,20.802962985774744,21.051313325159033,21.419910600356566,21.057768389098506,20.784720678783085,21.294639756136444,20.84889089604788,21.080845766619102,21.602033516395363,23.781330320840997
23,29.044152171486516,28.250747025148023,28.08238582248283,28.20825195990382,28.191595921845426,28.26702681123579,28.298163122090887,28.363456443985186,28.442864790679387,28.484603012715368,28.5285049422819,28.156849078266713,27.211937861693677,26.73738359750393,26.82907110584228,26.39219393938245,25.448584630067355,24.98036082298087,25.103086068997634,24.963820822599658,25.122289308755214,25.59167341125498,25.81660972938702,25.72256311699405,25.405280859498077,25.584797844215558,25.53711053368984,25.35689212579443,25.654697179966995,26.925196884885573
209,77.5324989332459,76.35779640601658,75.29259638335702,74.74964502529676,73.61897372369296,73.3350697178827,73.18072724008573,73.14270197381019,73.01849576609885,72.92055487098953,72.85167260621125,71.69830476119739,69.85177946506552,68.67732283713646,67.96735752189751,68.08356854980941,66.90603261534062,64.63368589451414,65.10561758571129,66.29530061427182,66.78625775315447,67.10310661084804,66.82065331091798,66.17012232978561,66.0788900470096,66.31133950030022,65.77290471259465,65.06532468383827,64.17620997193231,63.75633187637348
31,309.89097694348186,305.66618991867335,302.2038011063702,301.5695597199467,299.3942720080968,298.8217571344295,298.1973628266952,295.1870336280241,290.8736301202657,287.5048511081758,286.6546766024093,285.7684124440234,281.5152025944465,276.6676130589739,271.30547454024236,267.27985401994897,265.9506367620557,266.16452677269353,275.29413551402587,299.3895400643637,335.1357554861707,363.95766894105486,368.362864340263,350.8294408126054,325.80524056024046,307.4380690190061,296.1349006259335,287.56572567439014,281.4565431279526,278.25398331405404
32,340.69884209913414,335.2310359126509,331.17946613411175,330.0531318480982,328.60398144929167,326.2461340306787,324.8730817619854,322.7769249237414,318.8495044044223,314.4676530100769,311.1477577121554,309.2417735413692,305.6053426843447,301.08941405653485,295.6552405093796,290.8249320800326,288.2950064152818,287.521148364186,296.0728593686803,318.85986219067735,352.7269774738028,384.598632712283,397.5166951757405,385.5802810110308,363.3721012096471,341.15972742371395,326.0886461531655,316.0045050955975,308.50506918128207,302.76599438363337
33,659.6076716796447,644.139109086067,637.9502691819234,639.9891950345453,638.8151471975468,619.9252295142073,607.2855550859392,608.7129417615674,606.0646316323384,594.732847694783,572.9902469774594,559.4800559969891,552.4127423524042,548.541383999826,540.5102497381157,531.2331268009264,523.9675780187536,519.1099641726341,544.0492330152196,592.4822572836797,644.8164045718027,691.967629476394,724.2552288354091,706.6401897737983,686.7635765574903,644.3441511725655,609.8374558611616,590.2855100603851,577.1291840344113,551.498833647916
99,53.04759687499435,51.88651788194886,51.24329322917257,50.89499322917258,50.57322191357755,49.67287201003015,49.438222106482975,50.023235648149154,50.79275262345656,51.168561111110144,50.877369598763785,50.465227777776796,49.71597932098836,48.45430540123059,48.101532098762455,49.20748240740313,50.3130993827187,51.752049691359325,51.403716358025996,51.50619407793332,49.938865875773935,50.04067692901456,50.415679494601534,51.066346161261286,51.107682060181595,50.75801539351493,51.350679494601536,53.77133589892031,56.55068975694252,58.54988078703331
247,65.63427154821511,65.01072223274998,64.42635126933088,63.654483289769765,62.73345294023285,61.94703572343946,60.85284676293787,60.346838500148074,59.56776240814739,58.83308195694169,58.23769417750637,57.776545823838724,58.068563866735474,59.119587613867694,61.1637562516306,64.44129149516229,69.05013110691038,74.01774477957524,77.41434717692205,78.20833083938486,77.08471699030902,74.8376831303392,71.77582092877005,68.30231756349936,65.57286546192536,64.0649385952439,64.11432439220998,66.30948548486133,70.53900752302711,73.28199974819732
248,68.56481496204758,67.83371611475474,67.21557636995308,66.4589162657788,65.53739064824202,64.68505687783019,63.6229210497479,62.949108299184935,62.206337068404885,61.430416970540726,60.77577985785264,60.26215274092594,60.37785941208249,61.28225065611511,63.16199639994908,66.2656529763886,70.7307470955389,75.8124667882634,79.7411697951001,81.21838183000034,80.52807038038551,78.46970551862762,75.48593554290674,71.97283976639649,68.94539732678247,67.07022548505249,66.73230920008477,68.48108435979536,72.37553501443037,75.60269270721543
261,74.00562077519413,72.95808936230506,72.22739534004711,71.50189429784557,70.61728437029613,69.66524497217426,68.65567827399744,67.70283480163074,66.94722895284274,66.13928060810163,65.36609584038573,64.73122938917817,64.47456784073424,64.96148934189806,66.37839934863146,68.95242187730503,72.89750858130968,77.95048647730573,82.84368354647798,85.91008139409223,86.49380241005798,85.12914542299424,82.50392763928502,79.07228075947947,75.54534432060254,72.8417419391256,71.54658657814313,72.14878089414577,75.00584235693671,78.8469909260184
294,92.21343644677117,91.73642226393036,90.84005856251075,90.5619931006805,90.87736122962512,90.93489092177495,90.79141582068048,91.63741454213317,91.58931051927854,91.41256491927855,91.4993827703749,91.115817620373,90.27462298750588,90.61679283862135,92.31442515468609,93.7435452316326,95.63673171630181,97.45657020285506,97.29450669168625,95.7245097655321,94.16246662520166,93.33386697863423,92.31923199486656,92.58493822171661,93.43553655199713,94.06613267371833,94.60002196123624,94.35827459746724,94.34984852857666,94.2036117044503
241,103.17835012408264,101.16322151869582,100.00320969051246,99.25687835164953,98.74919829267078,98.82241197048566,98.97463149025982,98.99004643069,99.41949199598135,99.72823298325477,99.61279883638421,99.55573194124509,99.29344834294832,98.67332274673598,98.67320061724601,99.93298533413525,101.64213036297116,103.5035862363204,105.33959259006596,105.86388106148038,104.74178896353638,103.1028390140119,101.87852230459895,100.96500095297046,100.77277823762533,101.43567841719954,102.20535992438288,102.75807274318585,102.83875894949237,102.72012753541755
