,2019-09-08,2019-09-09,2019-09-10,2019-09-11,2019-09-12,2019-09-13,2019-09-14,2019-09-15,2019-09-16,2019-09-17,2019-09-18,2019-09-19,2019-09-20,2019-09-21,2019-09-22,2019-09-23,2019-09-24,2019-09-25,2019-09-26,2019-09-27,2019-09-28,2019-09-29,2019-09-30,2019-10-01,2019-10-02,2019-10-03,2019-10-04,2019-10-05,2019-10-06,2019-10-07
74,294.18088363826894,280.20803129458045,268.6931032186907,253.9252026999429,239.70490191830478,233.82318552027783,224.55000402917912,215.46549092203895,207.02004063389563,197.35066673394044,185.56642976244217,184.2194997197533,215.5130532467944,303.3618421916966,421.881033346702,502.5879592794769,580.838746892411,611.6518177297746,592.3847035932865,545.9409157254674,496.1021055864857,455.80217954177454,420.9682518755343,384.13726089427894,348.7336377286781,307.63596794310365,269.88208217137077,243.45859489630047,233.63258297140217,252.8962948195122
76,334.15580414952996,318.59583570422694,305.60238344403405,289.69588352444737,277.0175445634025,263.7231069660856,259.2249739756259,247.14198349308586,238.83730030025987,227.90914316340724,219.0701831598605,218.4763610154913,240.4098822091063,303.21836678242573,402.7826404716227,495.45907289930886,570.365414891678,622.135897374632,628.2620626016227,595.5960362870031,545.4511995072531,501.33941159228687,461.31627993225413,429.7584725848227,396.45958032047537,363.99227035278494,326.3697307255792,292.8053804682466,273.30323428166,276.35155736655383
71,28.322246913580344,25.96518518518523,24.534049382716077,23.102580246913476,22.134074074074082,21.125444444444458,20.15693827160495,19.124827160493826,18.265555555555522,17.798259259259314,18.821703703703665,24.92539506172837,34.33430864197528,39.8855308641976,39.35925925925929,33.95369135802472,30.51846913580243,27.679259259259254,25.70700000000001,23.269024691358066,21.56253086419756,20.13106172839507,19.289098765432076,17.91969135802466,17.084234567901202,16.71516049382708,17.112728395061765,17.43964197530859,17.23260493827168,17.028944444444473
72,30.16515242716055,27.665039373662612,26.148114929218128,24.577943974897046,23.65971029218104,22.508891209876555,21.681612971193413,20.514196582716053,19.66375374485591,19.071316135802505,20.05911466666666,26.04389381893003,35.56117410288066,41.670918864197546,41.51891433744859,36.129979497942394,32.30528576543208,29.215342489711894,27.117116049382727,24.688689337448597,22.81924890534986,21.424806452674947,20.42230701234571,19.301380382716015,18.5601613004115,18.42470103703696,18.850583403292198,19.127834399176873,18.921961358024717,18.678142635596732
73,36.91714386512339,33.90482691193426,32.279429494650195,30.154776474248983,29.545336719619197,27.82609762870371,27.556547011934093,25.848612955061746,25.067921031769394,24.083855018209864,25.309737110185274,32.14531572818936,42.942707056893155,50.26228817993811,50.047762380658476,43.4816981047324,38.63280583240744,34.6783379267488,32.28947006944446,29.768013797633774,27.446075011831482,26.25732640205782,24.776930692592828,24.48823868240735,24.277033176028826,25.193043791357955,25.94799478137857,26.012766981892774,25.668689613888752,25.26718693422324
77,384.9836786641625,375.67673994044816,357.5296588454058,340.6432708065435,324.42259542838383,309.80904641169843,299.4529115115619,289.6794905978006,278.15547375044224,267.3284616357009,258.1426703609111,260.09911677704446,283.6308792267052,338.89410628365255,424.7086698225826,514.7002982022112,590.1276956154385,646.229214697649,670.2778413028674,652.7517543476646,607.8361925561263,559.122743602356,515.3138113706772,479.35327463465876,450.3439748631095,423.6119435813344,393.3627396977307,357.1002979129768,327.692740442044,317.60979875764554
78,383.20380115722844,385.2419873716255,370.09739478315527,352.4979082671803,335.702122169284,320.2828817612429,307.86802394217455,297.7508066452009,286.86692706647153,275.64074290573194,265.90147568837,263.9973520295816,279.87079790971706,323.36374167659113,396.990059385065,484.44375519218084,564.9092625451121,628.0213059689503,664.9058020692114,664.1874388752955,630.332337598897,583.1940177775381,537.1719940227657,498.134811682074,467.68523836051406,442.24816765244435,415.06197257515805,380.8857522862543,347.4875200549324,328.65708690392233
222,411.35323284710256,420.1290706104933,407.44205996672804,389.6256597451948,370.64697839096203,353.83490993340223,338.45635288427377,326.80550786429137,315.6617305187598,303.8872413316508,294.3835815213443,294.3175416971756,311.581978767159,353.3626053678985,418.58419210973733,495.6183129763698,572.3561101899038,635.7273585909109,679.6246880101879,690.4022772990864,667.3182295494374,625.3365500779407,577.8135118452379,537.2548379753887,512.5779424793583,499.25652750693223,482.7790624372183,448.70973585002776,407.8885299010874,378.9880258139917
81,419.7937331800288,431.3482355208981,421.57057740640215,404.3919424580136,384.97237433976125,367.39680108428183,351.06623026950933,338.4070752434536,326.95284524352405,315.06026124563164,305.3825870929364,305.1444428827665,321.8527485998017,361.854968159411,423.4352350940755,496.1788780180438,570.6147348815281,634.380382507368,681.1429788256158,697.6388746416775,680.8022166083923,642.7407419678359,595.9832021437181,554.4175748093853,529.772383263253,519.2328358484099,507.07778054896414,475.7115146668043,433.69433580711603,400.71463683213585
