,2019-09-09,2019-09-10,2019-09-11,2019-09-12,2019-09-13,2019-09-14,2019-09-15,2019-09-16,2019-09-17,2019-09-18,2019-09-19,2019-09-20,2019-09-21,2019-09-22,2019-09-23,2019-09-24,2019-09-25,2019-09-26,2019-09-27,2019-09-28,2019-09-29,2019-09-30,2019-10-01,2019-10-02,2019-10-03,2019-10-04,2019-10-05,2019-10-06,2019-10-07,2019-10-08
47,142.62183630458918,133.03435450151645,121.39398874842998,107.54269730741784,96.85955138581826,92.17378998476177,86.47125573210756,80.85577415681385,80.33836472531581,82.7416784934208,78.06376184501917,72.089387478881,72.78129427018152,77.86029122997604,90.0745988809018,100.68005814221495,109.60701833139328,120.9075526439725,104.79179938086338,96.38285618007255,95.31166306010296,86.67279580816059,80.17756202020968,75.89210790898956,68.63413309816922,63.981757833857735,61.320117866727735,60.25774156179295,59.86729788298048,58.790235856788755
48,148.24913826085785,137.02576478102617,125.79538676954644,112.35811539432831,100.88729863252473,94.86271891905139,89.34750730363577,83.69008720938704,82.02998644279285,83.78443953591012,80.6065866535824,74.87532589865697,74.16555017880751,78.52017878528328,89.5402859430998,100.34095914992719,109.47269001219432,120.04344323971499,109.70061151752161,99.61900021488533,96.9439788667665,89.90179054622217,82.91409854036256,78.12880462868118,71.48536412253003,66.24807357534368,63.15286416158891,61.770704609307806,61.2210051924843,60.2632944504212
49,198.96639772017357,182.47106431847607,170.6993524250999,157.0721584239456,142.3659946841665,132.61908483729337,126.28452454437678,120.20331757830989,115.5601702818454,115.23292204981637,114.11963712690363,108.83601133589039,106.23421073373856,112.68036483533137,127.45787033176715,135.3129964545693,142.025791198047,147.291243803738,145.01553894650704,134.09415865104245,127.2485223760509,121.88310808891725,114.10550579489141,107.72722771841826,101.54308932084217,95.04184916200637,90.78914116391825,89.07212753721599,87.81595847626545,86.48636271117705
249,204.5968312628891,187.01048192923693,174.58303511012326,161.10841375967783,146.36416249469383,135.8728075602628,129.11834105536,122.93026810074446,118.0703985684526,117.25113256530972,116.19249055240508,111.45120461333566,108.81056670835243,114.46581892517102,128.17745668372115,136.72468710184106,143.4397569385234,148.83798791014493,147.61581136701008,137.80700361368477,130.32509228684904,124.57201251114512,116.99874528692807,110.44598556058816,104.1259263325221,97.56692141105398,92.99128741968337,90.93472056993828,89.51883756335779,88.19069396266754
50,270.8776115149359,251.38605713971327,236.67537394049074,221.3399038345293,202.41364980271106,188.2651719548663,181.2101737897247,173.06410396213872,167.1105123373836,166.9775050250248,164.854272619724,161.10153508721595,165.63677030745328,178.7902597617829,190.88126297514674,195.7274555260261,199.1450388506758,203.49973099637,205.88792684734227,197.95210933129547,186.99688806909117,175.94215074341548,166.15729084190735,159.48785659964426,150.33657037869858,141.3629455524391,135.48885244832047,132.5504302732901,128.49187095790282,126.95885789677814
51,279.17192057591586,258.53515430290224,243.13824420403756,227.71950076261828,208.8718333513592,193.92088894632107,186.05137900371665,177.88463292865538,171.60251503814797,170.88384750208616,168.90699149986003,165.38577844238554,169.53730420466334,182.3545448471067,194.52139583292683,199.87201691670126,203.17977144413592,207.33040830870183,210.1662190985234,203.49756819101478,192.6450871506024,181.20322125344876,171.07896723436144,164.04692042379827,154.96547858074305,145.77946364176444,139.46138986260473,136.13601864830562,132.00721906801684,130.16435582806378
52,293.1323869497443,271.3322970870547,255.05030621403426,239.3012990391634,220.12836190193528,204.20054221210245,195.5326995185664,187.0852894777751,180.42828471756914,179.25961408807814,177.246659065212,173.99388363126042,178.493185884489,191.72562061613462,203.8658231126811,209.2853772625469,212.2422041958314,216.09262987908443,219.54683291719667,214.12065537782203,203.22451635591324,191.00164085726828,180.31610106412103,172.92511623146285,163.6145466632214,154.0322698941648,147.20406325341634,143.43480516588735,138.97154248404698,136.82958658813607
57,115.50213305301918,104.43773277343574,102.17085440361019,90.99419359791356,90.1066248989527,87.43787488878077,81.69304109511302,73.80779798667615,71.81752587979872,72.42217781783673,77.11647649848294,101.19918641184671,139.8066852430835,154.66140844757317,154.78450776259353,163.2356578915536,139.33044684830097,132.85877443181505,120.35457431565531,111.62025840001418,103.56117224916734,92.32755431162161,91.25371160847297,87.74456295655146,82.34188001397291,82.35144279878259,80.36026304685193,77.98904508840035,79.8318087991062,85.76447531605818
61,647.8059209851524,594.037136356761,558.488755989946,543.6484122525521,513.5510907953205,484.82125839839017,464.2568061156966,463.61605553139873,460.78718279362874,443.0967603986709,427.7476476521079,435.8281480134258,463.1514671751661,503.0688959917675,519.5811805389146,530.7275667698916,549.7121299804451,535.2224922657356,518.3161808400953,495.5016948531329,469.1471976558126,450.0933682791916,435.62963791932657,421.7581745759161,402.40495510270557,382.6637178096605,372.6873216617518,373.01364832967,376.5734410435148,373.8361273828802
62,713.3550736424022,646.6930262225363,602.8194456998176,580.7278286956494,555.1917447419031,526.0808859532369,501.84788726959624,493.3714296426114,491.07513936127623,479.48720949069343,462.95043600256224,463.0906457200542,484.04224122713606,522.8222359946957,551.4241621617348,558.6431727900435,572.482620996048,573.20231952325,556.695997340544,535.2668601832755,509.23688766337875,486.43750364889075,470.0460484774489,455.9630901051241,437.92011638237204,418.4207522201694,404.66515707590776,400.58654347040505,403.34126894262533,406.24221425712926
63,837.4478932482057,759.9040057035336,699.8668196635823,666.9723129128317,640.2641266735278,613.5726944606239,585.3319008420216,567.4595252817336,560.8446381479282,555.4437786294711,541.1158101348641,534.2668917923771,545.70868091143,582.9379480403869,624.5153542085175,630.0361300595991,635.0994929436636,648.6648584833966,640.8775249812791,620.1799454618204,594.3594127328806,567.5401546393349,547.0879688694238,531.7102265571752,514.052506675925,495.61119341754727,478.5399637341804,467.8893493928848,467.7365279558512,478.05074516612905
