,2019-09-01,2019-09-02,2019-09-03,2019-09-04,2019-09-05,2019-09-06,2019-09-07,2019-09-08,2019-09-09,2019-09-10,2019-09-11,2019-09-12,2019-09-13,2019-09-14,2019-09-15,2019-09-16,2019-09-17,2019-09-18,2019-09-19,2019-09-20,2019-09-21,2019-09-22,2019-09-23,2019-09-24,2019-09-25,2019-09-26,2019-09-27,2019-09-28,2019-09-29,2019-09-30
22,24.95225192032325,25.029668166331113,24.52610065084614,23.72778768471394,22.949122784164043,22.751350499614116,22.815961110795648,22.86672306624834,22.88169310692647,22.92740651825751,22.9462214428206,22.321605347277526,21.859858514320415,21.0614494908832,20.579459284600716,20.60799196612804,20.62722849263998,19.85938440020147,19.3860092970023,18.578003886436257,18.150788644402898,17.57237225239221,16.823072158484116,16.579335869397557,16.496194613844498,16.347747184671395,16.348217972440096,16.183289244983694,16.090358369401816,16.091140794943474
251,41.00199143730544,40.65993930192471,40.13162221440288,38.980925076096895,37.70497925379372,37.092951995306045,37.06681845180053,37.15628254462868,37.19852003157389,37.257479096379214,37.30152171303651,36.60760129537727,35.77535880561744,34.645463846488035,33.70353052525623,33.49466368546079,33.53059066786595,32.67560399776636,31.758653888188693,30.612139105992384,29.727085091590496,28.862171208025195,27.729238922537977,27.080137850880774,26.864651300694412,26.655926453889634,26.58223285398573,26.39675581898624,26.209649778281698,26.16406536437303
24,109.78715410235336,107.84734465921397,106.09450157545339,104.24679588111525,102.7965593103522,102.08928479020925,100.98174096600324,100.3591054984309,99.61784621073332,99.33934234612117,98.29351605766246,98.14876805770106,97.14975320608423,95.38202574297063,93.90224909071343,92.02435525164572,90.45834847209663,90.14174872129884,88.09020118668755,86.70700039430021,84.6191992567885,83.3623149985224,82.79878785918652,80.99155582772751,80.03378480017832,80.09784895668163,80.37394246100165,84.65184930321072,85.5980422914346,84.58139483717522
25,81.71181720810841,80.21169799572132,78.66375521463526,77.53804591086173,77.29687810084835,76.75435399323355,75.44064659473737,75.02174224067208,75.4057803642153,75.18854381445935,74.69336478978722,74.7593396566674,74.24677237950401,73.87204156432911,73.82764564938137,73.16443292842914,72.90050975345677,72.57827875811152,72.48157583524213,72.5910390376655,72.23961607302782,72.0014705508962,72.29611093977988,73.33323779477234,77.77796031094526,95.66687708961831,118.97552838385015,140.52314153126153,138.51031763168967,108.79559016071322
206,84.60002597483248,83.1928912169067,81.6098434646615,80.30377507024545,79.60082918228218,79.22863920033403,78.2971866745409,77.39190678188385,77.38069103886329,77.3916229988424,77.08022682911839,76.86006922102038,76.65810665976107,76.2611412519758,76.01706726320533,75.54416763721366,75.07230228357726,74.81919387191536,74.6449023967582,74.6101155671063,74.39435207048327,73.99589063935461,73.95215241392407,74.65778592042805,77.66071652670473,89.73691165427356,111.17602887813679,134.23554976644724,143.17936462377833,125.86534819533365
207,85.16536541328664,83.7727491142464,82.2192218891328,80.85709503514306,80.02145322167175,79.58438232046203,78.77304230768439,77.85277759855387,77.65189367048491,77.65228456123153,77.41508915443877,77.17230639499994,76.97223314480141,76.62101088660083,76.33905019663331,75.90215866908878,75.42696103328377,75.13357802946207,74.94608866931604,74.87601871876939,74.6885111912793,74.31456219469159,74.18515016743659,74.73576618168063,77.27509607152277,87.50467784705677,107.07000016534981,129.8800326140179,141.78438269993245,129.90374844422917
28,86.50724713050455,85.1571488384189,83.66696984429812,82.21309218068419,81.09729887896071,80.4706062684,79.85503957072105,78.96635996679869,78.39761407890097,78.2831428455817,78.18165835374208,77.93298818822129,77.72519205336782,77.46182643490857,77.13075258745894,76.74333309636548,76.27980817366372,75.9082373036541,75.67553466594933,75.53182784320816,75.3803650966233,75.06711771022988,74.78718167677886,75.00042755481678,76.58140733730333,83.07062338575389,98.15242870744616,119.55153566800864,136.95615846841062,136.87921795520768
205,25.6727461594208,25.681862805915763,25.82793651806929,25.807552001241454,25.917849314355163,25.454471770482773,24.33688484870645,23.24231907117548,22.858011209699526,23.080685819467796,23.196601703720486,23.330438092900266,23.410406799268905,23.552671444269205,23.67042793976443,23.791685792795786,23.84463257231001,23.953850197550985,23.49815127341087,22.47957413396577,22.613197104332496,22.674095958261066,21.66554288644633,20.955681131192144,21.071632478043874,21.043633562588493,20.586325671516512,21.286427148599465,22.291059638859274,22.031866505566818
23,32.01790732842976,31.969190209422422,31.988413295239003,31.988004243536267,31.954513912676155,31.635280542903168,30.613294319022955,29.45482031471281,28.747052391010463,28.67979239020556,28.867423073111432,28.812040813487158,28.9759857166084,29.10924542173861,29.272453783175166,29.40994043389764,29.50331841920695,29.61405036957043,29.326020920450446,28.43553374328153,27.99203968577868,28.10699147985324,27.677624185298857,26.737797571202094,26.307072402627618,26.474319284989775,26.432401335075554,26.669245046757514,27.656097074462203,28.001946301563024
209,89.85911257120986,88.64487886921702,88.0708129086407,87.52075315016705,86.81432353743685,85.49659391703399,83.09382462775825,81.60025951196953,80.72680556986944,80.14104727160753,80.23880619386115,78.80411130970249,79.26211024820148,79.62534241633445,80.05738224216374,80.38240589173299,80.57637356378412,80.93659928096636,80.01423203429609,78.34606027678927,77.4464203429474,77.1621442227868,77.67723434635967,76.52229424674455,74.37853795328857,75.05724878468993,77.03111474719725,78.02821906537127,79.47542817335304,80.22044613861202
31,343.58416659659406,338.91233545964633,333.26424127895393,329.7474298018616,324.7359521764261,322.40395792310414,320.00115361563,314.4044620181765,310.9970138221911,308.0471075463833,308.37717322473367,306.4183526268132,305.97627348409367,305.9245766839529,303.20294891673984,299.46056023721974,296.96298540562213,296.5666803844163,296.0068503517435,291.6305716251663,286.6700776947168,281.350357370078,277.7206299971033,276.8940275238111,277.33291515485655,286.597598322679,311.26245154644613,347.93391032261,376.32982923007165,383.2736874566081
32,376.2775452254532,371.709399294443,365.7318644416662,361.55594290575505,356.149834308222,352.038513909252,349.13378000967094,344.76493316983914,339.994194883335,336.68404515763086,336.3108007406594,335.2973910860168,332.9673204039683,332.10769732410586,330.2657019951152,326.66753738213066,323.0484150137426,320.3986330904302,318.7691801913692,315.1440493190054,310.4609062848395,305.07800051556393,300.51244404800104,298.42965827727704,297.9798496678942,306.62281301260305,329.7382600381088,364.68106971627424,395.7299986057242,409.1277304061078
33,731.434046878454,723.1715866887769,711.0485414590264,704.1560947900971,689.9037283539406,675.6527111901685,665.4479879775347,661.4183863303917,646.053391233995,641.6189944819896,643.9082795364295,643.1230343543324,623.4422884834905,611.7330946416271,612.5205208574694,608.9475590531649,598.0388208264699,577.6547219478798,563.9118974343468,556.8952337319025,552.551981375814,544.9311212158982,535.6764718438715,528.5813934225803,524.1779979363525,548.750781826258,596.5775298666197,651.7196328175457,687.5164865142681,704.6802473698791
99,52.88524637345933,53.21131304012601,53.405284934405366,53.72718962191564,53.71542764275002,54.40479687500366,54.20800920138259,53.04759687499435,51.88651788194886,51.24329322917257,50.89499322917258,50.57322191357755,49.67287201003015,49.438222106482975,50.023235648149154,50.79275262345656,51.168561111110144,50.877369598763785,50.465227777776796,49.71597932098836,48.45430540123059,48.101532098762455,49.20748240740313,50.3130993827187,51.752049691359325,51.403716358025996,51.50619407793332,49.938865875773935,50.04067692901456,49.728161545141376
247,71.87027860881122,71.50641384270739,71.23173655740221,70.8574702196363,69.97932918898948,68.23834894695096,66.58569294947893,65.63427154821511,65.01072223274998,64.42635126933088,63.654483289769765,62.73345294023285,61.94703572343946,60.85284676293787,60.346838500148074,59.56776240814739,58.83308195694169,58.23769417750637,57.776545823838724,58.068563866735474,59.119587613867694,61.1637562516306,64.44129149516229,69.05013110691038,74.01774477957524,77.69169826072473,78.76649989553778,77.64736026836506,72.06605697060002,69.19179721550039
248,74.92383090367612,74.53097649957519,74.22273353236552,73.85800994129362,73.06981128517383,71.47311601554063,69.73057768523582,68.56481496204758,67.83371611475474,67.21557636995308,66.4589162657788,65.53739064824202,64.68505687783019,63.6229210497479,62.949108299184935,62.206337068404885,61.430416970540726,60.77577985785264,60.26215274092594,60.37785941208249,61.28225065611511,63.16199639994908,66.2656529763886,70.7307470955389,75.8124667882634,79.96056161395427,81.72924563639505,81.11267790411681,76.41793897845051,72.74899998875736
261,80.40305121273452,79.91030431648649,79.52945878073633,79.1731651758413,78.58659241266332,77.37021407320145,75.60017543035686,74.00562077519413,72.95808936230506,72.22739534004711,71.50189429784557,70.61728437029613,69.66524497217426,68.65567827399744,67.70283480163074,66.94722895284274,66.13928060810163,65.36609584038573,64.73122938917817,64.47456784073424,64.96148934189806,66.37839934863146,68.95242187730503,72.89750858130968,77.95048647730573,82.94586786405208,86.27884888410048,87.0727150124682,84.52612412795811,80.00970306765919
294,102.37058242793475,101.77793471748926,100.8638431078502,99.60904151178545,97.43683565537151,96.17800914786562,94.13857797892099,92.21343644677117,91.73642226393036,90.84005856251075,90.5619931006805,90.87736122962512,90.93489092177495,90.79141582068048,91.63741454213317,91.58931051927854,91.41256491927855,91.4993827703749,91.115817620373,90.27462298750588,90.61679283862135,92.31442515468609,93.7435452316326,95.63673171630181,97.45657020285506,98.21355702094759,96.9784792601994,93.82129461466731,92.712552,90.80190565807422
241,113.10136066857537,112.03529165086965,110.98317311848174,110.09157027245269,108.78580499269522,106.88404724135222,105.06351231578759,103.17835012408264,101.16322151869582,100.00320969051246,99.25687835164953,98.74919829267078,98.82241197048566,98.97463149025982,98.99004643069,99.41949199598135,99.72823298325477,99.61279883638421,99.55573194124509,99.29344834294832,98.67332274673598,98.67320061724601,99.93298533413525,101.64213036297116,103.5035862363204,105.42121877062536,106.51136604419429,105.82590734448928,103.37112671697233,101.23917102618158
