,2019-09-01,2019-09-02,2019-09-03,2019-09-04,2019-09-05,2019-09-06,2019-09-07,2019-09-08,2019-09-09,2019-09-10,2019-09-11,2019-09-12,2019-09-13,2019-09-14,2019-09-15,2019-09-16,2019-09-17,2019-09-18,2019-09-19,2019-09-20,2019-09-21,2019-09-22,2019-09-23,2019-09-24,2019-09-25,2019-09-26,2019-09-27,2019-09-28,2019-09-29,2019-09-30
121,47.77979277777795,49.77266358796318,49.75650983796303,46.5284927777778,43.303353634259096,40.08093240740796,36.86140909722229,36.84751034722305,36.83203159722169,36.81495284722244,36.79625409722214,36.77657534722184,36.75569659722155,36.733657847222304,36.710899097222,36.0878003472217,36.14039206018549,36.20749710648171,36.28923548611143,36.38518719907462,37.095992245370255,40.283095555555775,43.46172261574115,46.63211342592637,49.794647986111436,52.94910629629635,49.83888923611038,45.937328425925614,44.18447395833293,41.26022762345598
122,51.214442767837056,54.75593313528869,56.02003972232308,53.475942945250345,49.79725479170161,46.073466363205796,42.45244128741272,41.30293141296844,41.015741822184296,40.91935919183134,40.86815170681706,40.63724311245868,40.401053672347786,40.21580254872059,40.19727448955795,39.92144974415824,39.6792994833563,39.74686114492361,39.63574988795118,39.91128875479512,40.465432998567685,42.97136310174075,46.1202651568572,49.30977998186707,52.92880182991841,56.60883956812178,55.54884243292311,51.719309048224645,48.92632595180107,45.939190642222464
120,18.820070370370445,19.84398395061732,19.48763456790152,17.131285185184836,16.061972839505913,13.75963580246903,13.782549382716349,13.765916049383016,13.826076543209666,12.560319753086333,11.876319753086333,13.099427160493862,12.330217283950532,11.017830864197407,10.99996419753118,11.020444444444726,11.002111111111391,9.447950617283636,9.513827160493634,10.651024691357833,10.121888888889135,9.554172839506014,9.201839506172682,11.385,13.568160493827316,14.502864197530863,12.86316049382688,10.928703703703547,9.288666666666666,9.11215
123,103.39311523198965,114.790753926963,127.08263208644188,131.33744622466034,131.77355975292232,128.6310633599525,121.4812088227367,113.83692508252696,105.013343768168,100.53782856351972,97.79482177401113,94.94498414823971,91.25293045912893,88.80065625657659,89.92468551115809,90.9655217559681,88.13846898027167,88.06104764410861,85.97364161850084,87.59432219501309,85.92232090269022,85.32285491378329,86.2122459129595,86.27480662625396,91.94764117686657,99.84871316532345,110.21761149857579,114.50120665897686,113.87302807191244,109.85661636665711
125,111.57635126389538,127.69701399742175,147.34889219856794,166.12031850619496,165.20807585428997,160.595926419589,146.69039422415003,136.6741088227367,125.00753002079858,118.2545462373038,109.97922485981601,110.15833411969015,105.05465328404219,102.96990082949931,102.40851181213215,103.57895711609638,102.89423780535081,98.32774058520992,95.02013406386169,95.70992556911811,95.59424812093901,95.77043201380133,96.0160647903265,95.5885175178978,102.02241156452558,116.17614734970608,130.96398477026173,139.71810532573627,136.777354807125,132.87634288672723
197,10.92418518518519,10.039325925925928,11.385848148148142,12.312174074074077,12.829092592592593,11.763577777777776,11.151866666666676,11.266907407407404,11.150566666666665,10.455422222222225,10.223340740740738,9.106900000000001,8.759077777777776,8.758377777777786,8.642037037037037,9.451522222222215,9.913885185185189,9.98625925925926,9.985559259259261,9.216440740740738,8.984259259259261,8.867818518518513,9.0987,11.40255555555556,12.253707407407402,11.790144444444449,18.21074074074074,20.63133703703704,17.208440740740738,14.629037037037037
198,18.34428040123457,18.95441604938272,19.182289351851846,18.75071172839506,19.640503703703704,19.392893364197533,20.53292870370371,18.84281836419753,17.912637654320985,16.337110648148148,16.232899691358025,15.338280709876543,14.829362962962962,14.491490277777784,14.76998827160494,15.0135461419753,14.616670679012346,13.73104552469136,13.419285339506175,12.701562654320986,12.35685262345679,12.246496759259255,11.984599691358023,13.78647453703704,17.311519907407405,22.06563364197531,29.99580787037037,34.22746589506173,31.062963888888888,28.704842438271605
129,192.306013557374,199.2225271253953,217.3978561817517,235.75737807083124,247.56289806238405,251.761248234223,245.0855802888258,233.62383487242496,218.30643251453202,210.19050895983875,199.94492231878934,189.49799386878607,178.02472896630275,175.59781941120602,168.14287995597633,163.6223399002027,162.71880732555437,163.7974974860204,161.83844628345201,159.3368397339148,158.38926524565727,160.8720688633299,162.43281819310283,166.40452784892062,173.77257516164684,201.9158852272305,228.62739748871525,257.2485312854962,251.64081998370378,250.82151983205125
130,205.15847536799896,205.49307733625065,225.9582756592987,249.58841349770648,283.79533263380495,294.5368134404012,283.3209851426178,270.33187941320926,243.4384666245594,243.77702895947948,226.86850276079036,215.40670417974425,201.49717535056791,198.88509221965677,201.83780143680767,194.60891060245405,186.08719281190474,186.73348769693732,183.60619909933698,176.26860789498738,174.18245831946825,178.96709822016385,183.42330021104723,187.96472701496361,192.4741645015089,219.30628381101508,247.102483429146,273.01139220350416,280.5847984582161,274.85006341375833
201,9.187563944444475,8.30672886666669,8.079577533333453,7.87961975555548,8.447480533333358,8.388614122222114,8.30208015555558,7.501854044444464,7.524307599999995,7.628815822222298,7.760541299999949,7.096519966666773,7.117788522222147,7.111389522222304,7.077417766666618,7.098141222222304,7.091031222222148,6.457170333333315,6.536266888888852,6.697418111111187,7.484609222222198,9.396216111111041,10.73178133333322,11.545929000000095,10.494561888888931,9.936707777777741,9.954895333333296,9.86336066666663,9.741964000000086,9.598973999999982
202,3.734466919753099,3.376434096296306,3.2841039481481964,3.202827158024661,3.4336453925926027,3.409717976543166,3.374544535802479,3.049276819753094,3.0584035111111088,3.100882943209907,3.1544253666666457,2.8845207740741174,2.8931657987654016,2.8905647987654652,2.8767563074073874,2.885179765432132,2.8822897654320685,2.624644481481474,2.6567948395061576,2.7222979382716357,3.0422673209876443,3.819277716049354,4.362144592592546,4.693071000000039,4.265722061728412,4.038971234567886,4.0463639259259105,4.009157851851836,3.959813777777813,3.9016926666666594
