,2019-09-01,2019-09-02,2019-09-03,2019-09-04,2019-09-05,2019-09-06,2019-09-07,2019-09-08,2019-09-09,2019-09-10,2019-09-11,2019-09-12,2019-09-13,2019-09-14,2019-09-15,2019-09-16,2019-09-17,2019-09-18,2019-09-19,2019-09-20,2019-09-21,2019-09-22,2019-09-23,2019-09-24,2019-09-25,2019-09-26,2019-09-27,2019-09-28,2019-09-29,2019-09-30
215,64.54380617283965,71.5883493827162,69.53980987654343,65.96866543209815,60.69018765432037,62.09030246913657,64.42542592592551,71.99980000000049,71.44091111110993,66.02250740740708,61.489272839505624,59.07504197530964,52.99847407407466,53.7250086419763,52.746996296296174,50.88469135802534,46.876691358023926,49.172370370370594,54.72425555555748,124.52144814814437,210.8346296296313,186.00692222222432,155.12418888888487,122.78222222222391,109.58477407407746,92.01685555555325,80.02411111110979,73.34990123456762,61.60779012345645,58.88211296296413
89,51.556971937886,51.73334228163825,52.26079268956597,50.77530288301633,49.725966499719505,48.92522394743554,50.64824969980216,52.18875043063693,53.03741902144632,51.9939921750151,50.30966715803263,49.69276164892221,49.49542043770213,49.239083887980904,47.99161500429695,47.47110328638996,46.56783181072753,48.0878531963678,55.01741316390331,67.97074145831355,103.1031552497016,101.78865668693825,94.91699344230933,84.44072731500789,76.78870530243863,70.52348070156428,65.1168782943914,62.77643186724627,57.329094230651855,56.69997390439069
216,52.62826166867839,52.44569784384792,52.83243132215125,51.465139532185205,50.7497314597416,49.890902178099026,50.29341301479626,52.35479561829874,53.094800021892326,53.174606911314854,50.90032495548795,50.56116950768144,50.199780431864895,49.941945803188666,49.009656299291876,48.432910228212634,47.3845262228533,48.358514516624474,53.75252934485863,64.7463600019948,94.8634715549412,102.79047885849381,96.98541542630608,87.05550989621555,79.57720463274077,72.46110783943747,67.10697334062976,63.64365458514428,59.470101479306244,57.378013245214646
217,186.11794890163276,198.44241926243512,202.31625591016075,191.23874249506878,179.44593639102533,169.8670220349701,170.1222011149664,184.1084684832133,193.8683860917008,186.00337288018403,173.75651778525307,166.639059237756,159.81772373520553,155.07418561752772,154.51396926111906,152.02746255387535,146.4405132872615,144.39165308578714,152.63529202333518,194.44712115490898,302.95750593278666,378.4234023980767,342.43384831523906,292.3462654699017,251.3931001965808,227.5748351867072,203.85076037398196,186.44602291350236,175.89738327913997,162.2753524085573
92,219.0800067368675,231.09105706174336,239.49218381266468,235.81122890212862,226.6972725045753,214.0268614184396,208.39136025393776,211.1971440236108,226.17635836937657,227.4782212716597,220.3690730934577,206.42012918524188,197.70971771067443,192.15624548853327,186.19756274388288,184.32852415998957,179.86318109905116,177.0089619580564,182.606564793242,235.39815415760154,324.6005677356549,422.09952303108435,444.76294212947016,390.63234644738475,338.9232492311628,297.4360161675385,270.34248769672365,244.27535785937053,224.16658549049043,207.76102486633113
93,19.620230717592882,17.51702345679033,15.575637055555505,14.81336733642139,13.328675882715345,12.382071509259667,12.063993481481448,11.266788256173017,10.691417802468683,10.221126555555907,10.574144833333742,11.628967105073933,10.64067520807814,10.01326251851835,9.652355154429326,8.713290788834504,9.140227706789997,9.547801231854601,10.897326973763972,13.861974805555617,10.219217901235131,10.759013822533033,9.579622407407218,8.996828682098213,8.712047577160227,7.986837126543095,6.806168395061725,7.9124234907408075,6.416475098765667,6.68962456851891
220,33.16944881743218,30.72113140919359,27.33922005625467,25.653424890671694,23.338561291452265,21.54224684927901,20.79500626286835,19.581307327407412,18.52322203852005,17.682834603334612,18.024209666183342,19.608348189087017,18.56866396145506,17.376702311974217,16.672146437566887,15.246893423071743,15.540945000326325,16.24625437772605,18.258840148822898,22.825814376189175,18.697393485479434,18.28138463911481,16.809987405618536,15.618932796072167,15.034845105061647,13.9322207883719,12.053186212405262,13.216986422796342,11.48591082738648,11.386849225256187
94,308.4136388248028,318.3122918989326,327.36853638012883,330.3052703339921,321.241841335085,305.842871730206,290.01110962770565,283.8442754124106,287.70238186138295,297.9640156192616,297.15473588526123,290.28654973856874,276.8437571311174,265.8921917325356,258.9678812251638,251.28609223859428,247.38169351576568,244.32380262534832,247.33737440450398,267.35222772137666,329.85627820906535,417.9383220205991,504.5332193067946,511.98220478283866,453.52439112164546,398.06047548195045,356.1131240666535,327.2711915655255,301.0629226090551,278.26772607738053
286,21.62686419753085,22.601172839506166,20.31125925925927,17.534901234567897,16.71103703703706,16.021432098765413,14.81981481481482,14.024061728395091,13.334456790123502,13.243283950617263,12.397148148148142,12.369246913580204,11.646901234567943,11.70266666666663,11.136285185185193,10.157999999999985,8.92948148148148,15.99571604938275,31.768707407407526,54.46618148148139,47.89503703703708,41.417485185185214,37.4806999999999,33.500271604938256,29.61092592592594,26.283308641975335,23.6118888888889,21.12102469135802,18.333864197530833,16.853109259259227
102,163.42201074065724,174.291262481397,167.8226975185188,163.1668899259254,158.80866377786168,149.53392605563988,140.97796190749304,137.6887671296316,141.32497512963025,151.82912525925954,161.97735409259084,162.37815048148207,157.7122833703698,149.12546675926052,145.79013463544777,151.1700616666669,161.1262134999989,170.47213739409824,171.8546185925088,170.49715931473176,162.3179763518525,156.6300059259237,142.33098499999792,131.21190998147844,124.4932316481485,118.56896072222371,117.10509994444463,112.97996096296247,107.64424327786095,105.49075698346047
103,165.08195094778281,176.96412472122444,176.37279957000126,170.9033713554781,166.277368422619,158.39139007677716,149.26224142144642,143.99148295331858,145.31939288963073,153.79200294267787,164.44482183349427,168.30061708923589,165.24861597166645,157.72489828826454,152.4116737927147,154.91675075189914,163.6296830821521,173.53998449123122,177.78452526956664,177.34334315151082,171.26621350583534,164.48663882207433,152.6926128017725,140.03604670676415,131.5134900432862,125.08762116983138,121.9949403106025,118.65495992851052,113.54721647756446,110.1902470381974
