,2019-09-08,2019-09-09,2019-09-10,2019-09-11,2019-09-12,2019-09-13,2019-09-14,2019-09-15,2019-09-16,2019-09-17,2019-09-18,2019-09-19,2019-09-20,2019-09-21,2019-09-22,2019-09-23,2019-09-24,2019-09-25,2019-09-26,2019-09-27,2019-09-28,2019-09-29,2019-09-30,2019-10-01,2019-10-02,2019-10-03,2019-10-04,2019-10-05,2019-10-06,2019-10-07
296,31.944679012345684,31.739975308641977,31.74977777777778,31.569765432098762,31.26012345679011,30.749864197530872,30.619234567901234,30.2849012345679,30.090999999999998,30.04061728395062,30.064308641975316,30.087666666666664,30.11102469135803,30.418333333333333,30.739864197530853,31.215382716049376,31.55818518518517,31.589259259259254,31.637308641975306,31.291839506172845,31.423222222222222,31.691950617283954,32.21376543209876,32.584345679012344,32.59414814814814,32.72553086419753,33.352283950617284,34.41422222222222,35.410135802469135,35.850222222222214
277,118.69146800377113,117.74180556468833,115.16198633597354,115.62839736229607,113.85586628530855,114.77381070824335,108.82439068158061,107.15687380833192,103.5538342088421,101.87497703178606,100.9241127350504,101.66424498892961,104.11179872166555,104.59294234445093,102.25314833941958,99.64602641584258,97.43821052549077,98.13089151846559,102.4444739484049,103.72536450732099,105.64251702863221,107.21135852456337,111.7685225114094,113.4041676061081,112.12134835161372,110.89990052290722,112.60458501332711,107.8518470842295,109.28577215621961,106.77390621195065
279,41.57717752908359,40.12677483741531,36.73306541657526,35.525031260634634,34.63167613701411,33.90523227959919,33.967150246239136,33.87350249716068,33.150970319308996,30.55759507163425,27.446286296176073,24.343880115646737,21.33596011564674,19.09377550915932,18.082732914230476,19.13147982397003,20.98716658785279,25.63489349759339,31.438035946675985,38.652020844840116,45.45850314808382,53.46380545133595,60.14284894374168,66.42695897607182,71.14539409947149,75.65835874771955,78.42485160308483,80.69225797382983,81.5443491398492,82.83941849703203
145,53.964933333333335,53.95326666666667,53.94393333333333,53.93663333333333,53.26496666666666,53.2623,53.92863333333333,54.26376666666667,57.24264197531221,59.55661728395777,62.20559259260332,62.21392592592349,64.22359259259015,64.56759259260332,65.57925925928313,62.48670679014598,61.06082098766234,61.17235802469236,65.59253703705059,74.08722839508418,82.91491975312589,89.53752160497629,90.93458641978465,89.79289506174274,89.11244753086741,87.37593518518374,83.43366666666667,79.02715432099133,76.82273148148293,76.82223148148698
291,55.173,48.212525,48.172000000000004,43.161868750000004,43.172000000000004,42.172000000000004,42.172000000000004,41.161868750000004,41.172000000000004,42.182131250000005,38.161868750000004,38.172000000000004,37.172000000000004,37.172000000000004,38.172000000000004,39.172000000000004,41.182131250000005,46.182131250000005,48.172000000000004,48.172000000000004,48.172000000000004,48.172000000000004,48.172000000000004,54.182131250000005,62.14160625000001,55.14160624999997,44.21252500000004,40.161868750000004,41.182131250000005,41.172000000000004
285,3740.2507008333328,3662.2628333333328,3569.185586666667,3558.4528625000003,3565.7957091666667,3565.935415,3527.763709999999,3530.7984949999995,3449.0650008333337,3489.579692500001,3471.515941666666,3536.038202499999,3628.9512824999997,3844.465014166667,4089.8467731481437,4187.15423,4053.48973,3933.2277601851897,3691.386164166667,3588.764924166666,3479.041341666666,3422.4893724999997,3669.894449166666,3599.451845833333,3633.918145,3462.603661666667,3581.4102939814757,3682.4518858333336,3734.9579675000004,3768.146749027786
287,3882.794546215278,3792.771706354166,3712.7376947222215,3622.928027326389,3613.060271944445,3620.105115243056,3618.0672172916666,3581.6586643749984,3579.9167652430547,3503.8939204861113,3541.6927612152786,3528.0526667013887,3595.1727983333326,3696.476173819444,3916.971184679784,4157.665020516971,4243.313145833333,4108.3756840354945,3979.3650295177513,3741.7615216666672,3637.173433229166,3528.804137118055,3488.6846348611107,3721.7733281944443,3656.2267966319446,3679.510046527778,3522.093181068673,3641.6983078086364,3741.5171717361113,3793.723778813658
269,327.92847089946355,329.60740211641,327.38193650795,328.39561375661435,331.8000582010614,331.1870211640239,329.1298095238043,330.85279365079526,332.98306878306437,335.1226772486728,337.2932169312239,336.76257671958325,340.6903809523854,342.9761534391533,342.64930158731005,349.118587301588,352.01587301587807,354.8734391534318,356.7165767195669,356.11185185185457,352.7084126984029,349.15740211639303,340.86295767196276,343.4124867724763,346.0273174603184,343.1557301587355,346.7141587301535,350.3970802469239,356.64882222222224,365.2215092592554
290,604.319197530864,603.8756666666667,619.9902345679014,628.4174074074075,638.3491358024695,621.9267901234571,611.333074074075,582.2260864197523,569.9811358024687,544.3330617283942,531.1856172839508,512.6578765432101,493.28412345679044,476.6892345679014,461.6257160493824,448.2449629629627,439.68716049382664,432.9487160493823,425.19054320987624,414.4100123456789,400.49755555555583,390.0550246913585,381.0376666666673,377.0683580246918,375.4550370370368,369.0568518518523,362.51735802469176,358.6152469135812,362.2025802469125,365.2514814814798
227,410.11936118828794,406.95725065586186,401.5290809413687,396.13454830244103,392.70334116513476,393.0703115740775,384.70334116513476,378.0030374228113,367.2690966049259,367.53515578703696,363.46788163582,365.8348520447627,363.76757789349654,370.1009112268755,372.2324221064578,368.59939251544796,364.8654516975134,368.76454047068523,383.12847345681666,395.72179112654885,410.1835979174725,422.9817754637654,426.3487458727098,423.34874587193264,420.4802567515167,430.9145013125467,445.4220948696004,462.96332550235303,480.8042523911418,489.55501174646787
228,415.08151344234597,414.2094813802352,410.7462726141606,406.589181421689,402.62726177627985,400.9996466316316,398.6864698031749,389.6844367553437,381.46489726875257,373.9508638663777,375.6775711966339,377.6721368939884,384.5467118987889,391.1541519675956,404.91704634453316,415.73065884610804,420.39921533243484,420.993426663733,425.63226166573514,436.38717259195084,450.5972255146476,468.74510340549614,487.8758455367437,498.65198661324905,504.3639550636794,510.94487437811506,526.1296790629596,544.0938426930314,564.6229476967712,581.6621127586728
229,486.68057273852014,482.3292079754378,479.1441687484593,470.5394175596469,468.4022569321088,463.0994075101534,462.4052130903027,457.1474301717704,452.4191627369625,455.50406383042025,459.70664038294893,463.9222285044267,459.8390595230877,450.07288654291324,444.5849374842314,434.37713471668997,437.07298236012554,445.87382530379523,474.44975606282196,500.78998200482897,521.8868184687773,528.0639887343331,521.3553475166016,510.3969997511737,515.0033841597783,542.2721335810777,582.7862050989413,618.0004305543835,640.5706002817865,650.4535898088341
230,488.08916469246157,484.0862696591145,480.56880048410574,473.49601625082863,469.4764032318086,465.07049600822484,463.04142757387024,459.0866272618968,454.19557971100284,455.066523594828,459.0066594995723,463.27463205232885,461.626232503756,453.50710943990856,446.7929490430136,437.8953451905562,436.83521329745685,443.8950859452249,466.90158175810586,494.04060424396584,516.7467598612368,527.2612963791015,524.2261932051066,514.3840597938682,514.4226636517137,535.2158415831988,572.0876991562308,608.9982420465456,635.325434472405,648.9237359301119
288,948.1579966901965,947.8206325038008,945.5422152654868,935.7303177457064,930.0262771447611,910.3126949793435,906.1056317498387,887.0229315415735,873.0442831166025,863.8869786735323,863.5440703508549,866.4506226500926,857.8042313733803,850.3805216213842,839.3682369837333,824.3300728638378,817.936372127345,803.971339253393,798.9071682415874,785.5235072823161,773.3642298705614,759.3781478955898,748.0570901401771,748.1700893350684,743.2396815855444,739.8716085992424,738.7272110008449,724.3380450206328,721.5543319214938,706.7614717252443
