,2019-09-07,2019-09-08,2019-09-09,2019-09-10,2019-09-11,2019-09-12,2019-09-13,2019-09-14,2019-09-15,2019-09-16,2019-09-17,2019-09-18,2019-09-19,2019-09-20,2019-09-21,2019-09-22,2019-09-23,2019-09-24,2019-09-25,2019-09-26,2019-09-27,2019-09-28,2019-09-29,2019-09-30,2019-10-01,2019-10-02,2019-10-03,2019-10-04,2019-10-05,2019-10-06
74,306.3404339167685,294.18088363826894,280.20803129458045,268.6931032186907,253.9252026999429,239.70490191830478,233.82318552027783,224.55000402917912,215.46549092203895,207.02004063389563,197.35066673394044,185.34517291859288,184.21949971975332,214.8501458879517,302.16584269811347,420.33136738160533,501.4032546282889,579.8320620143846,610.7984334863734,591.6585120069852,545.2785486562794,495.51311164490556,455.2788092426826,420.5023473838562,383.710578593012,348.3237562194999,307.2890862601805,269.52428642199885,243.10489581929318,233.12472561963622
76,328.5974910839074,334.15580414952996,318.59583570422694,305.60238344403405,289.69588352444737,277.0175445634025,263.7231069660856,259.2249739756259,247.14198349308586,238.83730030025987,227.90914316340724,218.96600806254816,218.35927926895442,240.0977633276512,302.30446187680934,401.4201230143687,494.0812428861775,566.9381389947981,616.5175952491127,622.7847686046438,592.542488003436,544.8233789523125,496.0975191527479,453.8097812656337,422.3628870596491,396.0408083921502,363.58103274328266,325.9556732993327,292.4495135687797,276.32431228362117
71,30.91354320987646,28.322246913580344,25.96518518518523,24.534049382716077,23.102580246913476,22.134074074074082,21.125444444444458,20.15693827160495,19.124827160493826,18.265555555555522,17.798259259259314,18.821703703703665,24.92539506172837,34.33430864197528,39.8855308641976,39.35925925925929,33.95369135802472,30.51846913580243,27.679259259259254,25.70700000000001,23.269024691358066,21.56253086419756,20.13106172839507,19.289098765432076,17.91969135802466,17.084234567901202,16.71516049382708,17.112728395061765,17.43964197530859,17.638425925925933
72,32.86405624197529,30.16515242716055,27.665039373662612,26.148114929218128,24.577943974897046,23.65971029218104,22.508891209876555,21.681612971193413,20.514196582716053,19.66375374485591,19.071316135802505,20.05911466666666,26.04389381893003,35.56117410288066,41.670918864197546,41.51891433744859,36.129979497942394,32.19243854320985,28.988143415637857,26.889916975308687,24.57433748559678,22.81924890534979,21.19760737860084,20.08226071604938,18.964343345679012,18.5601613004115,18.4231964074073,18.84757414403294,19.127834399176873,19.46118661337448
73,39.8898704635496,36.91714386512339,33.90482691193426,32.279429494650195,30.154776474248983,29.545336719619197,27.82609762870371,27.556547011934093,25.848612955061746,25.067921031769394,24.083855018209864,25.309737110185274,32.14531572818936,42.942707056893155,50.26228817993811,50.047762380658476,43.4816981047324,38.07413974444447,33.545093327983544,31.147649081790323,29.184858897942586,27.43749862294226,25.132545344958885,23.076443616975375,22.794185827469242,24.25175539825105,25.185594910184953,25.932984171810674,26.012541287448336,26.840651469531853
77,366.0701642919652,384.9836786641625,375.67673994044816,357.5296588454058,340.6432708065435,324.42259542838383,309.80904641169843,299.4529115115619,289.6794905978006,278.15547375044224,267.3284616357009,258.0892806235385,259.98832702200457,283.4138409485227,338.2735720648148,421.78313802128895,511.5581738008102,585.5925656748492,640.7955320715548,663.6033691148313,647.7299161013398,605.7973756439734,555.4618657204466,507.44110357154887,470.21694611352393,444.1191814606425,423.21231366270194,392.948024717641,356.729830878618,328.6578524179463
78,357.34046709512614,383.20380115722844,385.2419873716255,370.09739478315527,352.4979082671803,335.702122169284,320.2828817612429,307.86802394217455,297.7508066452009,286.86692706647153,275.64074290573194,265.8703316749027,263.91047894856973,279.69802984951065,322.91133076635975,394.32054509497993,480.691414744528,560.2540886162217,622.9698906655204,658.75226071717,658.4848735236279,627.0545303160239,580.2129338182122,531.054215355812,489.52892698029376,459.5704534734172,439.4331918377697,414.6574782225276,380.5047189782111,347.45619966544865
222,384.687572578482,411.35323284710256,420.1290706104933,407.44205996672804,389.6256597451948,370.64697839096203,353.83490993340223,338.45635288427377,326.80550786429137,315.6617305187598,303.8872413316508,294.36463557981835,294.2524958342854,311.4428529071371,353.0197212405935,412.36329022367534,487.8950177120343,563.6594843127702,630.8805205418927,673.9275040518803,684.572462396654,663.1154167143095,622.263940841582,572.9242719387717,529.6481528286074,500.02389658459845,494.4398672129657,481.4551542033124,448.3688963489028,404.9598238036898
81,394.7206196488766,419.7937331800288,431.3482355208981,421.57057740640215,404.3919424580136,384.97237433976125,367.39680108428183,351.06623026950933,338.4070752434536,326.95284524352405,315.06026124563164,305.36758822256166,305.08900117016054,321.7290560725156,361.5545336711233,416.8229480188657,487.16163692973697,560.5139417709498,628.7495608830484,675.6319780428556,691.8547467414927,676.2694727870197,639.4417014261775,591.4724269601909,547.3860518654476,516.6962597465448,512.8313035542778,505.035243413657,475.1839247352385,430.29549191727654
