,2019-09-07,2019-09-08,2019-09-09,2019-09-10,2019-09-11,2019-09-12,2019-09-13,2019-09-14,2019-09-15,2019-09-16,2019-09-17,2019-09-18,2019-09-19,2019-09-20,2019-09-21,2019-09-22,2019-09-23,2019-09-24,2019-09-25,2019-09-26,2019-09-27,2019-09-28,2019-09-29,2019-09-30,2019-10-01,2019-10-02,2019-10-03,2019-10-04,2019-10-05,2019-10-06
215,64.38684567901109,71.99979999999874,71.40233086419725,66.02250740740708,61.45069259259296,59.03646172839522,55.699091358026315,53.686428395061874,52.74699629629615,50.8461111111109,49.577308641975584,51.83440740740783,54.608514814814185,132.62329999999938,210.8346296296313,186.1226629629623,155.0084481481469,130.88407407407365,109.4690333333342,91.90111481481524,82.6089876543217,73.27274074074053,66.81612345678941,60.023753086418985,56.8848271604946,52.33674074074159,62.011876543209816,75.59169999999642,102.80030000000001,105.3721111111107
89,50.64824969980216,52.18875043063693,53.03741902144632,51.9939921750151,50.30966715803263,49.69276164892221,49.49542043770213,49.239083887980904,47.99161500429695,47.47110328638996,46.56783181072753,48.0878531963678,55.01741316390331,67.97074145831355,105.99125967965303,104.7801586187292,94.94756841749968,86.39833333333333,78.71801751099105,72.47259673730827,67.12994790639995,61.86863105152272,56.407166746186626,52.766788915751896,50.12750349447462,48.23193077572481,45.661539069140396,45.011399066477644,45.25415426970117,46.355283419354755
216,52.29958585430324,53.35788203805179,54.097886441644505,53.17460691131397,51.903411375241,50.522589260767894,50.16120018495135,49.90336555627512,49.048236546205416,48.47149047512618,47.42310646976685,48.358514516624474,53.75252934485863,65.74944642174785,98.03263629715784,106.72063758766438,98.75930856039962,89.53444457351114,81.55217054064998,74.40527291838356,69.10405455857128,63.46607137635378,58.51312541511289,54.50746362027419,51.914682874484946,49.7864906220791,47.82301353899652,46.70730443751422,47.00984818494505,47.3642789097192
217,178.8268693248425,188.2105132362983,194.85893393120392,189.1409114604309,176.9075594519198,169.4361271389931,162.9456172537235,159.16079827184882,157.07280413766023,154.63838076375183,147.3307524847921,147.0990219129484,154.35597103568105,202.5962338092299,315.6435543532812,387.14185271401607,345.3649637530421,299.5739525237433,261.597481044736,231.96495623569078,206.5833433989715,191.66036296746222,179.5556051858564,167.21925562880483,154.4426013337984,148.45603890877697,151.2265539323893,177.87213247590978,223.31671328653576,259.6019595658517
92,217.40039044298157,218.23336123040013,229.15048549128815,229.24705325468238,223.51150654253183,209.44285536194036,200.62670989817587,195.63167469377987,189.73035595375876,186.90623924486476,181.8503531669523,178.5579106463281,190.126011648953,239.44914036516337,334.39431960521375,433.34731713867757,456.5532366385054,400.2907221824186,347.1914075385286,310.66390067799995,274.13175121201294,247.90757780736533,233.9865858024949,215.5181229158688,202.18543449624715,191.51506504731833,211.32412838261465,248.9406502284897,319.0021140074177,381.12416876649115
93,13.475384299382803,12.421562561728225,11.94263816775073,12.27405865432088,12.242152163580545,12.583743212455618,11.770225298483942,11.690094868267378,11.765888341920187,10.359588509953898,10.374657503458423,11.167155797042986,12.27810435514246,15.807371991318204,13.515404816171777,13.074419752439583,11.989599852801186,10.645781609956984,10.544028376070498,9.842714572783771,9.515533644008357,8.953961167955628,9.03980342938722,8.10949496147209,9.06761484683054,19.82552288950025,22.517085299385485,36.81341238166834,48.79603023736401,54.21282150294324
220,23.09242006012925,21.64438340794615,20.6384545113652,20.946943110165744,21.00878240090877,21.474871406620192,20.45006935614815,20.07732921331491,20.15730958572825,18.220636421853445,17.790461253878,18.90038129211701,20.703783973074238,25.981538911240737,23.917852017872534,22.567588629799182,20.913397761484795,18.69148750092335,18.118457795020852,17.107877182757644,16.426640606315488,15.538595128157759,15.478125200793363,14.208413866398509,15.245973438148253,30.554547195087004,37.75924488072012,58.55805140472872,79.85374184396318,91.2515150371874
94,301.36520313962137,296.62907305373324,296.30177689527954,303.3333772786793,302.2561805576615,295.9642656722566,281.71001486794194,274.71796462207834,269.09827187469176,261.6474373216856,256.24795098473356,252.27506805913652,253.99131412160168,278.90515016853254,340.36280678243645,432.7838971855005,518.2992583387852,527.2698241731196,467.9456898754084,413.74341852827155,375.3682517891114,338.21500911675605,312.0729860408023,295.1878194950676,276.6677405175291,271.38140685992425,283.92939229811935,325.51666250020065,391.0462650812213,480.4219651048895
286,14.395432098765438,13.213876543209878,12.099888888888904,11.584333333333342,10.275234567901238,10.671716049382738,10.41233333333335,10.853901234567923,9.901717283950596,9.309234567901223,8.929481481481478,13.7194814814815,23.782596296296276,47.17451481481478,40.37188888888886,36.09341111111121,32.096407407407405,28.484839506172833,25.09703703703704,22.656765432098798,20.023925925925905,17.84170370370372,15.980469135802439,13.724172839506172,13.898432098765403,15.199567901234602,18.141135802469126,19.42992592592593,18.92396296296295,18.67794259259263
102,140.97796190749304,137.6887671296316,141.32497512963025,151.82912525925954,161.97735409259084,162.37815048148207,157.7122833703698,149.12546675926052,145.79013463544777,151.1700616666669,162.48741720370265,173.19454480150574,175.9382297036201,173.74117551843636,163.88280274073878,153.79323509259183,138.29200351851705,131.41553266666637,128.93945849999977,123.33317368518442,113.498468,107.96749568518365,107.23699790749059,105.3040529445289,105.36884177777814,114.15123435176893,152.77243942592722,208.6773156446985,401.9270323555536,609.8099756587255
103,149.26224142144642,143.99148295331858,145.31939288963073,153.79200294267787,164.44482183349427,168.30061708923589,165.24861597166645,157.72489828826454,152.4116737927147,154.91675075189914,164.56132864542374,175.88366709153993,181.54024490691245,181.00481222462105,173.48209146686781,163.097327508417,148.9270781615342,138.749987838132,134.6284728413192,129.91752820107962,121.20783154806301,113.95144916462087,111.49950391487121,109.91873793771062,109.2809127187106,115.31469080586159,144.84756730183892,196.74048187916662,348.7357096996809,559.2176068941714
