,2019-09-01,2019-09-02,2019-09-03,2019-09-04,2019-09-05,2019-09-06,2019-09-07,2019-09-08,2019-09-09,2019-09-10,2019-09-11,2019-09-12,2019-09-13,2019-09-14,2019-09-15,2019-09-16,2019-09-17,2019-09-18,2019-09-19,2019-09-20,2019-09-21,2019-09-22,2019-09-23,2019-09-24,2019-09-25,2019-09-26,2019-09-27,2019-09-28,2019-09-29,2019-09-30
47,73.19058923281447,76.65772781322062,96.46647359778872,140.72313380935287,195.9811035887555,196.88514223056785,181.91199865349796,160.66509853066538,144.13591037067232,134.78836711536252,123.29718181766864,108.93948243914785,98.1148309943391,93.12327362129015,87.35895657564839,81.59415316614705,81.26993394032995,83.6743572919687,78.97566483006626,73.05120673287509,73.83633419380384,78.92151125098907,91.38551769930986,102.14761767844477,111.20693029543692,122.77199382940982,106.46793746667184,97.98956853514255,96.99473112203252,88.26280760871562
48,75.48753128628037,78.02771123474649,95.75018046046017,136.44612540060888,188.75105198733493,200.20206627708265,187.85193503840594,167.55796856364876,149.73434813363892,138.7499631596903,127.6879775048293,113.8830304794679,102.1916587007807,95.89450721739604,90.27361592716427,84.49377803934,82.96054754434923,84.76273864639433,81.57427484091495,75.88961927881653,75.27371783031056,79.67256269530898,90.92099723531861,101.89165846147426,111.15549929049018,121.94986333876318,111.49906711949754,101.33675003708487,98.7304501358438,91.62286213147108
49,113.74381125937431,120.60643640476715,160.4249691925761,224.94828879853063,259.40455255321547,267.95698270985616,250.4669044387665,225.76914671040825,200.80855587434894,184.52960958463433,172.95569598665094,159.183769011557,144.16129335499903,134.12961475312747,127.78121925289892,121.75710751281281,117.26561435365244,117.14131160643998,116.15735265703722,111.13812810618226,108.81388261185191,115.73126316279817,131.28637222401,139.2037568547401,145.953196268276,151.1360515218302,148.56821386792038,137.84414129752872,131.4858679245087,125.9408074923344
249,116.42575771994153,122.53753166346893,158.8453014398815,220.6286073834954,258.793746556287,270.33290380580496,255.667283130882,231.5532799235678,206.47369313507974,189.0741137774073,176.85045399795055,163.27751224841253,148.24570194410686,137.46624519152854,130.66218471074126,124.52642945140407,119.81311910046108,119.19866844442654,118.28405679047408,113.79867985046022,111.45213323721887,117.57572314739012,132.02897112606172,140.721732774258,147.47251839163022,152.79650981489812,151.3230293353599,141.65529038567504,134.62036441611684,128.7634231251216
50,178.30274316609788,191.7665407805095,239.5768560893789,306.91152287543645,346.7864778542935,355.34826545224286,333.1451473475828,302.251359381104,273.4815230978925,254.23282685203938,239.81578680545385,224.5100119008382,205.5031983845853,191.0819913837954,183.90010078064998,175.89622471368045,170.24618558106383,170.5185450276285,168.6850222144588,165.38482517691688,170.66564873199826,184.8007623632016,197.65703454805322,202.56903823673102,205.9323990583599,210.0622762229567,212.58864090579266,204.8688523707486,194.21896193472884,182.93869676325363
51,182.92506292930793,195.68364592488496,240.68468208590346,306.4264487077594,349.407620590099,361.1282117420712,341.6665193007175,311.162464428505,281.84603199049167,261.4168238968537,246.31484408523244,230.96366609980998,212.06267760839515,196.86262383721643,188.84548405765588,180.79758400437242,174.81342630406465,174.50454261917503,172.84171595611738,169.77056007432967,174.66925962647903,188.48253950712274,201.44443417864514,206.93037723326404,210.18978519001342,214.12262583930726,217.083059049873,210.63107633513889,200.06539920125863,188.44500085491572
52,193.0606227984797,205.89062980907397,249.68276603759958,314.4644907623767,359.89345719564096,374.2074782319352,356.57690357166496,326.03090807622823,295.93912898382035,274.32451111592724,258.3426270686867,242.70279194367743,223.52127316352107,207.36974343455483,198.53449711712472,190.19199071727056,183.84025072121136,183.10304580056427,181.43836415559227,178.65496894241159,183.9430218404971,198.23186863770886,211.20022537593792,216.80629795603238,219.71888436407025,223.34382591309665,226.9440832040522,221.7445561096049,211.1097583592699,198.73080432562895
57,101.96525288613299,113.52922204304475,137.12359391535355,147.35924798023544,141.3598971661403,129.74656097892858,121.26443645486047,111.57241924996181,107.58396188843852,98.53506592411604,97.54927539551782,87.92269894527817,88.06972176184985,86.44160663069103,81.69304109511302,73.77700175158537,71.76860683788608,72.36241715697912,77.05218149507371,101.25304537866957,140.06727706827706,154.7860487187857,155.4363040236191,163.83854284442475,139.90402415536616,133.38351629063527,120.85613044022067,112.042953732265,103.99557890339766,92.75132682283838
61,481.5573833470048,530.3699753374985,588.048224255939,685.65434183643,882.5244784983518,881.1140730861059,806.8596384458881,723.9386206520333,637.92407504627,585.8955444438391,552.2300227995664,539.1422463187183,510.70448030951377,482.97944422069895,463.19727577639503,462.91000011649714,459.78599426121013,441.9848206412281,426.800940364491,431.512793580486,454.35556715882433,497.93765374921315,525.4316405240909,544.6766156789622,563.8263400129756,542.4205964816653,516.0266159384187,495.8550291406491,479.2152468023413,456.9802389000264
62,502.5934467146773,548.2232582024866,609.9551622815251,694.1990479444675,844.3918734408581,917.6732739228147,869.7945237490453,788.0203346709361,703.2073793819659,638.5287028229234,596.500769416552,576.2735137900345,552.4494409977244,524.6030165932154,501.27176293862465,493.3168509111489,490.9802978450601,478.4818269526588,460.5168048917984,460.95384658138073,477.9124486441792,517.3059716215666,554.1075839873688,570.4066307512027,587.4627603819634,584.0630576774857,559.0233934719495,535.5609750011455,516.5970078533146,495.5820906749815
63,568.1558487149807,607.9982724666588,677.9624319266696,754.1145558458556,846.8578896626036,959.6621688962925,977.6148203192164,910.2869835809239,827.2406581518356,752.1186839628796,694.0492225741439,663.1519697313945,638.2825122918673,613.1286127873327,586.0775467446788,568.9513870645827,562.629904913105,555.1149565344135,536.1734189255817,534.0053894175034,544.0716211449699,579.4929638382441,625.0014579636979,638.7741156797641,650.3968397827689,664.2152048019132,650.352108114252,623.913868640053,600.1041370041709,578.0543544053542
