,2019-09-09,2019-09-10,2019-09-11,2019-09-12,2019-09-13,2019-09-14,2019-09-15,2019-09-16,2019-09-17,2019-09-18,2019-09-19,2019-09-20,2019-09-21,2019-09-22,2019-09-23,2019-09-24,2019-09-25,2019-09-26,2019-09-27,2019-09-28,2019-09-29,2019-09-30,2019-10-01,2019-10-02,2019-10-03,2019-10-04,2019-10-05,2019-10-06,2019-10-07,2019-10-08
1,29.637505990611327,29.26090514302892,28.772534511230436,28.729340804361552,28.596838941728254,28.549901586947207,28.47497529333992,28.074919730553738,27.66614793263678,27.49701900734704,27.486837390742526,27.80824762361605,28.604805950726803,28.70853023744976,29.09407454342728,29.000570785296926,31.063831070882006,35.55695534935761,41.82079130638876,48.51751980600704,48.6766789138246,45.1904999748091,41.397617543401026,38.55294130321476,35.45243757345442,32.74560208957784,31.367071398384535,30.565390236425728,30.311239485798744,36.15728489191644
211,67.83334843021866,67.31611571234698,66.32146674613773,65.45073370725677,65.07380912253785,64.52876693778524,64.00531972356382,63.13866988877653,62.73943392696344,61.49109809221009,61.17795119393993,61.13602140162948,61.04785181467386,61.23451099511299,61.20432397265688,61.499311950847556,63.86368997114464,68.43060680612516,96.45954559901493,118.8701850617592,124.14526710352632,118.77071298875762,107.62348058722449,96.79953813251983,86.46730791523991,78.4576472442331,73.58863876932142,71.24206646785524,70.07921375588202,72.08148264375653
6,231.0090440059766,224.52167388101253,215.31611687406422,204.65539450494657,197.34249330687078,192.21961340262817,189.04585843974684,185.07943687585617,181.94307326036287,178.21679754907748,174.68967296914838,170.53039806877192,167.29511822930843,166.69077726481154,165.29959445165687,163.97704230946505,168.43123402302484,186.6486429638286,226.72581283524138,296.814445474974,348.2017409398348,348.0355170569748,316.17833552121647,278.16709567922675,248.9215887298705,228.19053611782368,211.16239692551483,200.02067191011926,192.2279184578223,189.81304254568414
7,284.4586455598399,272.4823153233526,263.7357010954667,253.03798761201367,241.46125505826302,234.09082322184878,228.1969276408438,223.54178777079326,218.04284740807918,214.56562267006944,210.54556903957237,206.67855587425439,202.36891628230052,199.39093550923167,198.55665917441132,197.6919311521749,207.9222043838637,229.17796225016627,280.78627323183474,320.71126477357143,377.4776882038591,412.23642315260525,398.4672754464185,356.71484083793246,316.52177161141447,285.66053555289255,263.78054387772215,245.74479038003523,239.43077621273,234.93887271836698
8,298.2203194849406,285.60854512061644,275.4247027787974,264.9657080839173,253.4017785384692,244.77017479462071,238.24895452517592,232.8982746448369,227.28380324837892,223.1439234258118,219.2124850697988,215.22847764320537,211.00435331358338,207.67205127012022,206.16703158594757,205.4320149627114,215.03673717274938,236.8216745568914,287.07256031629106,330.0814968612077,379.041300569016,416.87729145591345,414.42769400382304,378.61270510620733,337.3770359946796,303.3392849452619,278.53901893775463,259.09290279048764,250.44193345429935,246.1286052583755
9,304.9095976848345,292.22212231109637,281.3275390276775,270.78917043169866,259.35464493484034,250.09793272789304,243.05566925642984,237.32282213519534,231.61366336910416,227.13637502629055,223.1326659223352,219.1296693679571,214.93753458812435,211.43353798060912,209.52900844888228,208.6835729999756,217.21438612994112,238.01141145977311,285.43343728133505,329.8171726251908,376.33947354556364,415.1101723875906,419.88054424486603,390.0962594054955,349.74667730003074,314.02119571861255,287.17200756945516,266.49080497692205,256.03852346761204,251.11532316987686
10,321.6187670357912,308.91331461640334,296.6853890082628,285.6074914391114,274.25799122510955,264.05320828051833,255.85542067613167,249.1812784100054,243.03410156939316,237.95712277070527,233.6735589681075,229.58460094025662,225.41967417336713,221.66929998830645,219.04446249893707,217.90078905177756,225.61541325211692,245.73518837877447,290.9373316423505,336.20380235367475,378.40817050877286,416.4524934370448,432.0339808645565,414.0140481644559,377.37078988377897,339.1802408697507,308.27654302940215,284.68304724814334,271.2495681992366,264.86318747950094
11,352.96329294310715,340.73294542387106,326.95703398909984,314.43077848831774,302.5731389370911,291.7052287878111,281.98401587492236,273.66443783518514,266.2977198050656,260.4926851314966,255.62812350434402,251.25057275516258,247.00840799246112,243.14085200203598,239.83296879755812,238.26814805426574,248.45492150523657,272.27255277802703,324.74894458272973,369.127519826532,405.2107191795138,436.5008091289157,455.82043189692723,448.7207535189193,419.83524370847067,381.2161794532295,345.8739837763747,317.8610295134958,302.2076990858075,294.1748447909601
12,409.0047582025094,397.8300940605616,381.928760146505,366.5327525335956,352.6816846115197,341.18352614646574,329.33926932304774,319.07287047944743,309.2460667979318,302.36377385176274,296.71293031611106,291.7518826672161,287.14228328206156,283.05694520888983,279.1835142061713,277.8281161532454,300.4985680251427,342.5475850302186,408.85695135862636,452.77385521940664,476.24730630019195,493.2470989992438,506.0894352058945,502.96555928400545,481.61036810996194,445.36264773458134,406.50027476074797,374.35419594477236,355.2114362540553,345.81840041314075
14,25.56407219506172,22.880907624691424,21.79889148641972,21.005959337037105,21.51071791604932,20.181206433333266,19.864604798765345,20.096024407407448,19.899206000000024,18.30022955555557,19.43231946913573,16.725182814814847,16.541199567901227,15.663603037037088,17.823777197530887,19.756709987654343,26.603511320987685,34.989434567901206,41.0671479382716,39.12835759259258,33.41055090123462,31.04545311111111,28.355881555555595,28.098981580246864,23.755286283950603,24.351001197530827,22.23802046913582,22.337909197530934,21.749118913580197,22.253137351851763
15,42.11553319259259,38.66769586543217,36.1020056,34.66393644506179,34.838514537654284,33.586789074691254,32.56385513827147,32.667364269753094,32.56040920370375,30.65304377777781,31.13431306790116,28.637716475308643,27.07600396913581,25.991168635802524,27.996221561728447,31.263076814814852,39.97547587654326,52.88605072222221,63.95485936419751,64.80032109876541,57.362249024691415,51.82766000617286,47.60234133333338,45.96691912345676,40.92435382098762,39.426451185185144,37.33384838888889,36.39036427777786,35.77419761111109,36.050009299382594
16,42.91107824133025,39.678690969308704,36.96424696717902,35.363654136105,35.33926999414504,34.247056593682,33.18017970739802,33.14443609236419,33.06218472501547,31.35126011268522,31.54116910265426,29.379356796512337,27.677358091944452,26.516640582006225,28.165533269413633,31.323666060401273,39.48605813197536,52.06551962734568,63.53058117441357,65.6666431984259,59.15244176932103,53.296898533580276,48.84454128743831,46.860850686543195,42.16853979111107,40.20508578243823,38.15543146425925,37.054155255833415,36.3878314086111,36.556282977839395
17,638.0871704010187,626.2991201141152,610.8178971935688,597.1348644223358,580.4594385124395,561.817619633805,547.9634101522083,537.6732837267909,529.3454382387152,516.2052957938276,501.6391294321161,486.28424388327477,474.0765416416423,471.1638904075967,468.8495657918345,469.7508814077407,477.77535136945846,512.9132513041728,571.6581846299841,648.9018291871539,705.2220289198051,737.5249608967927,758.5327505655273,759.5855668356558,734.3633830441959,689.6480384563907,638.7558218392053,595.8084034604095,567.503807405528,561.0463545588586
18,761.2306801901766,765.1190642724674,752.4447587413107,735.0735707538774,717.8011284750278,700.5673116918407,679.944526729506,665.3814140382814,653.9243796700279,643.9105586380516,627.6573189893767,611.0433544791489,595.8100534807288,584.2084848300339,580.7634535773606,578.180655100186,578.8119136086219,586.2663311206027,625.291264022725,721.5263742788036,837.4632332966952,887.2185193751561,904.4662957860102,920.3705194432578,913.7821277915699,881.8757151929369,832.8503720985673,777.0358790860241,726.4007694970513,682.5305849591863
