,2019-09-09,2019-09-10,2019-09-11,2019-09-12,2019-09-13,2019-09-14,2019-09-15,2019-09-16,2019-09-17,2019-09-18,2019-09-19,2019-09-20,2019-09-21,2019-09-22,2019-09-23,2019-09-24,2019-09-25,2019-09-26,2019-09-27,2019-09-28,2019-09-29,2019-09-30,2019-10-01,2019-10-02,2019-10-03,2019-10-04,2019-10-05,2019-10-06,2019-10-07,2019-10-08
22,21.281369480036602,21.234574459174638,21.18387285435541,20.50789179143351,19.90446125462894,19.08214259201609,18.53176538233325,18.455559200299604,18.373705025453678,17.542906146995566,16.954124432446093,16.117974467813937,15.648629370274005,15.02568191002843,14.34916386664862,14.059144151256378,13.870835331850648,13.783355988678275,13.751311471634049,13.581388857234915,13.443607306000816,13.413242387369795,13.212198320218805,13.148635985102516,13.08738352909523,12.88567237373255,12.812935900820786,12.759943068312493,13.247836253392247,14.317567667494966
251,34.66153093595433,34.55116085868243,34.470672516808655,33.68415604598698,32.66669291820544,31.439033464665926,30.4081404460337,30.047142441097485,29.916870218241954,28.940450084750303,27.862072861252123,26.626163547867193,25.67959835409355,24.743476835860072,23.67023278859823,23.00540685160893,22.648358201329938,22.455700628786637,22.375878309959592,22.168520424654712,21.928414850415123,21.825332682681037,21.583771334744284,21.41167707829394,21.3109246492967,21.053168380498494,20.870410351611632,20.774371324079336,21.29725056744752,22.745732126273786
24,100.14441197910149,99.65572898918904,98.45327723987559,98.18392915163359,96.98074179643015,95.91745751370952,94.19059312985821,91.96162873360917,90.45094520242607,90.17675990329907,88.43499760293273,87.12178344154295,85.23001548271651,83.90528280859262,83.91829723121566,82.28707984080003,81.4742148682553,81.8031849574895,82.3926441595598,89.57299079895124,91.57499115398826,89.26907523393822,85.69827351360237,83.47377392850066,82.9132675684649,81.72252066018751,80.49556653714896,79.95131561317078,79.17394087432966,80.75233863651266
25,75.4057803642153,75.18854381445935,74.69336478978722,74.7593396566674,74.24677237950401,73.7847716495881,73.22604739913406,72.62814521073531,72.49175255259692,72.23830515311336,72.2516364050827,72.46274637008554,72.22091019052152,72.07265820187547,72.65043516704391,73.66282310357995,78.07340604354653,95.99007450789202,119.31687286470866,140.82408562016755,136.17385764684758,105.05187017363112,95.17168228453819,90.21566693471887,86.77118814873158,84.21842734394606,81.97531441382066,79.24315952606692,77.83987495156269,78.99002624134634
206,77.33433514782377,77.34478045170215,77.02073312852309,76.81243262985663,76.61066006643992,76.15511395758992,75.584137210393,74.91496454700179,74.54117802347272,74.3800911759706,74.29266562233057,74.36488324208597,74.25787802658421,73.9581252694368,74.1163448098857,74.92884248641884,77.88738616598044,89.9548296268828,111.39315416920797,134.38415265692785,141.85393242763237,122.55108780991773,102.58396453627999,95.15364671420336,90.85312523806208,87.72722299684688,85.22343052534032,82.6621161858138,80.73930036117967,80.85643942536967
207,77.60170011020702,77.5996880823864,77.35079439823889,77.11624499880914,76.91881614443125,76.5198433936158,75.96584168228414,75.30597312269792,74.86741423702824,74.66685376479529,74.56677170113898,74.59969985538194,74.52093656153404,74.24776354043817,74.29972291627685,74.97582595219335,77.5004600623116,87.71284909317178,107.27280287514526,130.0215537490294,140.74131834536223,126.97688544415774,107.10426473527629,97.03493868682148,92.06196941797731,88.67080016593849,86.0225567925557,83.4665632152393,81.42191865543295,81.13123118597686
28,78.33771861103916,78.2176950618781,78.10536462604098,77.85851913467681,77.65621887709099,77.36690736106064,76.87344489689022,76.23974165246615,75.68276733063179,75.37482079033995,75.23095454528728,75.18290446004848,75.13815608458675,74.92960552281566,74.7929604539207,75.15678359036048,76.78879219822805,83.25962302728644,98.3231451495706,119.672440176991,136.44605213509976,134.8295939080787,117.90573393048929,102.86954353429408,95.29941934612529,91.06801887717013,88.01268528481074,85.39457570475543,83.12111692922689,81.99464467825716
205,22.858011209699523,23.080685819467796,23.19660170372049,23.33043809290027,23.41040679926891,23.446798364024332,23.68179739272973,23.77352328131441,23.80829500834026,23.889432822585228,23.45240961450343,22.431899847478682,22.54193089623166,22.63007796187773,21.548025578790508,20.83353674347693,20.91422768792268,20.887828528439456,20.41267719622082,21.087535399171156,21.353840463292727,21.74504801723111,21.397770418891156,21.139906653262535,21.677080212298417,21.241060001302042,21.49912821844792,22.059202163057982,21.83730641901547,22.42377093630807
23,28.26813402391453,28.16502248970804,28.276742699879712,28.239507943063998,28.32627975034244,28.334800640735182,28.446731382863312,28.588184562827255,28.609574212148086,28.64868284951875,28.319876126496386,27.416661718488058,26.91773948429548,26.97994357502742,26.457417380348268,25.473151308987706,25.00773650396832,25.12552458210658,24.977327684693776,25.133048591834786,25.608695362973187,25.84659365057561,25.76473495373046,25.44809584759442,25.62882862247814,25.58811685968913,25.452893895257038,25.771456983537,25.84760178669206,26.156942886820033
209,75.98244593656294,75.02919980003398,74.40791293427816,73.06063510266225,72.84222368138467,72.4820622821395,72.27670218111169,72.19144941510999,71.956170168714,71.80794461865213,70.48927702108728,68.59043901396942,67.29407873045082,66.46319179804998,66.29523406515477,64.99874871103417,62.67783990340436,63.028204769297886,64.06919798337933,64.42380833194295,64.62511547750603,64.28304005579639,63.586525271599584,63.37805075738862,63.43111255487341,62.79024939847829,62.33331492812765,61.38352003031348,60.865584444435044,62.08523966911649
31,305.37169587513114,302.49499954159097,301.8551331064058,299.53758132959587,298.8197021756175,297.8684359464065,294.61377050349154,289.9322382331245,286.56258420343113,285.6309153324047,284.6862496887452,280.3283299224731,275.36063100115206,269.82069315994136,266.0148538277092,265.04416305011534,265.2764462244361,274.33874931699967,298.20933640975045,333.7780556806756,362.8652550577933,367.66685835566227,350.18801496121483,324.9574546811861,306.37876666651675,295.01216659341736,286.5355506022033,280.72258858363386,278.87969221391666,280.07650174360856
32,335.0884380228591,331.2754337430782,330.3405802508112,329.0263418142815,326.51305583566693,324.8663770115126,322.4831710798477,318.2293279369898,313.7198931910708,310.40713424668195,308.44927162475784,304.74838251987916,300.13643777805635,294.63963310325914,289.8870606392614,287.67910547646886,287.04351813276156,295.6124569816013,318.30943769441,352.0656933590009,384.10736553994724,397.4219624524266,385.63536137946795,363.3360343214122,340.8950601725323,325.7027453662817,315.671840579132,307.9926115980065,304.47865451139575,304.9450780917441
33,644.1001477415657,637.8971333541659,640.1569679411668,641.0466009114084,622.0919160640917,609.193160116,610.2176294222439,607.2711178960458,595.6524048389948,574.3375665695146,560.9286255079901,554.0075658307471,550.2149009283671,542.8844988254741,533.5195761654138,526.5025804291105,521.9511808216794,547.4408228307334,596.5235318825622,649.4334905038669,697.0069057364683,729.9077778769501,712.4438144042017,692.8574371872808,650.1416204569862,615.3775940422609,595.8734436672523,577.0534829484006,568.6773110404736,564.1247625964335
99,51.88651788194886,51.24329322917257,50.89499322917258,50.57322191357755,49.67287201003015,49.438222106482975,50.023235648149154,50.79275262345656,51.168561111110144,50.877369598763785,50.465227777776796,49.71597932098836,48.45430540123059,48.101532098762455,49.20748240740313,50.3130993827187,51.752049691359325,51.403716358025996,51.50619407793332,49.938865875773935,50.04067692901456,50.415679494601534,51.066346161261286,51.107682060181595,50.75801539351493,51.350679494601536,53.162338464507286,54.72369745370343,56.009392341819876,55.91759236111028
247,65.01072223274998,64.42635126933088,63.654483289769765,62.73345294023285,61.94703572343946,60.85284676293787,60.346838500148074,59.56776240814739,58.83308195694169,58.23769417750637,57.776545823838724,58.068563866735474,59.119587613867694,61.1637562516306,64.44129149516229,69.05013110691038,74.01774477957524,77.41434717692205,78.20833083938486,77.08471699030902,74.8376831303392,71.77582092877005,68.30231756349936,65.57286546192536,64.87721588652792,65.74206901438963,68.75452217011849,72.99316618376459,77.76598114449907,80.116694610682
248,67.83371611475474,67.21557636995308,66.4589162657788,65.53739064824202,64.68505687783019,63.6229210497479,62.949108299184935,62.206337068404885,61.430416970540726,60.77577985785264,60.26215274092594,60.37785941208249,61.28225065611511,63.16199639994908,66.2656529763886,70.7307470955389,75.8124667882634,79.7411697951001,81.21838183000034,80.52807038038551,78.46970551862762,75.48593554290674,71.97283976639649,68.94539732678247,67.71275765008099,68.22296625609147,70.82210722662703,74.92809661353316,79.76317663075643,82.81585499739501
261,72.95808936230506,72.22739534004711,71.50189429784557,70.61728437029613,69.66524497217426,68.65567827399744,67.70283480163074,66.94722895284274,66.13928060810163,65.36609584038573,64.73122938917817,64.47456784073424,64.96148934189806,66.37839934863146,68.95242187730503,72.89750858130968,77.95048647730573,82.84368354647798,85.91008139409223,86.49380241005798,85.12914542299424,82.50392763928502,79.07228075947947,75.54534432060254,73.1410088450009,72.62402929375264,74.13386622456363,77.60238825478197,82.32445026626361,86.65989883644872
294,91.73642226393036,90.84005856251075,90.5619931006805,90.87736122962512,90.93489092177495,90.79141582068048,91.63741454213317,91.58931051927854,91.41256491927855,91.4993827703749,91.115817620373,90.27462298750588,90.61679283862135,92.31442515468609,93.7435452316326,95.63673171630181,97.45657020285506,97.29450669168625,95.7245097655321,94.16246662520166,93.33386697863423,92.31923199486656,92.58493822171661,93.43553655199713,94.97769604450907,95.85525774685466,97.7843498840096,99.50107129180857,100.67919936452175,101.49781268565512
241,101.16322151869582,100.00320969051246,99.25687835164953,98.74919829267078,98.82241197048566,98.97463149025982,98.99004643069,99.41949199598135,99.72823298325477,99.61279883638421,99.55573194124509,99.29344834294832,98.67332274673598,98.67320061724601,99.93298533413525,101.64213036297116,103.5035862363204,105.33959259006596,105.86388106148038,104.74178896353638,103.1028390140119,101.87852230459895,100.96500095297046,100.77277823762533,101.51663963763161,102.84858998128614,104.17440127066327,105.81782769378769,107.72767328036412,109.2029210310865
