,2019-09-08,2019-09-09,2019-09-10,2019-09-11,2019-09-12,2019-09-13,2019-09-14,2019-09-15,2019-09-16,2019-09-17,2019-09-18,2019-09-19,2019-09-20,2019-09-21,2019-09-22,2019-09-23,2019-09-24,2019-09-25,2019-09-26,2019-09-27,2019-09-28,2019-09-29,2019-09-30,2019-10-01,2019-10-02,2019-10-03,2019-10-04,2019-10-05,2019-10-06,2019-10-07
118,20.208209858,17.444989622,15.491259086000001,14.023206164000001,13.365631508,13.518194792000003,13.670806694000001,13.661245154000001,13.165244318000001,13.15482386,13.629983780000002,14.26687958,22.034577439999996,26.903602579399422,31.404351566829874,31.823865245515815,31.86759056561881,25.222589266272088,21.874928875532312,18.002594836697995,17.47784755390565,16.597406453802662,16.246277553149376,15.171712224489745,14.5029443358936,13.918774700000002,13.903054880000001,13.238933000000003,13.230830000000003,12.952627
117,23.141659999999998,21.13814,19.534619999999997,17.73068,16.926560000000002,16.72244,17.11832,16.913980000000002,17.70946,17.30474,17.9,17.89526,18.49034,18.28201111111111,19.29773407407408,19.233277037037038,19.19137777777778,19.169015555555553,18.413102962962967,17.770340740740743,17.806915555555555,17.437954814814816,17.049237037037038,17.797278518518517,17.20811777777778,16.2194,17.21326,17.60734,17.654425,18.734666666666666
161,66.92399999999999,60.24333333333334,51.895,50.54633333333334,49.197,51.51533333333333,45.50033333333334,43.48499999999999,43.802,45.784333333333336,44.766,46.080333333333336,54.394666666666666,71.70966666666665,80.4310585687502,85.01024343183724,79.51226379257714,70.9535657139554,65.7340980636502,59.601686258117304,56.430439181603525,48.75326228366069,44.98398706178699,47.57254031483899,47.135,45.11033333333333,39.41833333333333,42.059000000000005,47.69966666666667,53.853500000000004
237,298.18510429526646,262.57935732191703,212.29885797096557,199.05170305944355,190.29443518062362,185.89461155769249,182.6029161494518,173.0360171494175,161.91983471577737,157.18867264097858,154.8941023909046,159.01244903405447,161.08529110421904,165.37605582276046,179.95162026279382,198.8728628472739,207.95486347068888,200.9320607282857,196.46984930950512,212.5660737326375,190.8928864543463,177.93528676645673,173.42272508851153,163.72479044834492,155.8410835941986,150.98583763401123,144.56087029617117,139.0607432573716,139.78170261080527,139.64947387757454
238,335.4031752125758,312.98293240860846,270.57423290757134,239.5632916485515,228.7296076144713,222.57658966359284,218.58732019244525,211.50245342722303,200.51934899928096,191.6557485394987,188.15872499926638,188.24295884024406,191.76177809135734,194.20743144682837,203.5536677539079,219.70673444949853,233.9806274256618,234.94044179392696,229.25435257444553,234.85201969884776,231.78642886570856,214.00668456595974,205.68621259415357,198.8093842295577,189.93386153516852,182.50078328356014,176.71016897897937,170.73234916842955,167.87750393409135,167.6486466108674
239,414.6419707979537,386.9160410995132,355.52978856985476,320.2685029966061,299.6704330506342,291.99578759148255,286.64853408292703,279.85016546417563,269.5818262947659,257.8500739700255,251.7002428045513,248.4014603351618,251.01726167814323,252.58316252651042,258.3118593954676,269.9160967875445,285.65342037464364,293.1360101622543,290.8814193817066,290.41520450207616,291.148090633502,279.8320229578147,267.57961228376564,260.42043645695264,252.3812963623165,242.1806508201875,235.2792313334288,229.36563010794737,224.05414555126606,221.5056261650928
240,538.6524738177222,478.55285345751787,444.10318192893396,413.2985412580075,377.4613664321552,354.5739832704878,343.3358319210362,337.634593704953,331.1665881808334,323.1046070495056,310.49701271545996,303.8349322529386,301.0353075551906,302.7612528483856,306.62047201087995,313.16140988665904,325.58310238640564,340.7126067662358,350.83378552315673,345.73819417209904,344.21099334645737,342.2707023672336,331.11170180689817,316.96730836862275,308.7709552263871,299.0055004820329,289.6779077914582,282.14054649317126,275.7551268632618,272.1925942413546
242,607.2137481267515,531.9798420404007,483.0553122350743,450.20485672884496,416.5476934846815,386.9479920204645,369.0560066356961,360.4072688938364,354.36566599268394,347.7526052530495,337.1411878204764,327.51543269607333,323.05510154240346,322.4648215868057,325.98735798860355,331.73859323542763,341.78066759718644,355.5433945697599,368.7400876853754,369.96488962799623,366.2330960122039,363.56005993283196,356.46574569373945,343.1146794717571,331.7059097432303,322.03664964633606,312.63873690440596,304.15195331863265,297.03756599613166,292.6857927202118
243,672.0544237727311,662.3998752929549,591.8149105099258,523.3012168112913,478.42275986645353,444.8011570130421,412.3487811186272,386.00368986474876,370.5639933907074,362.64778291458,355.6884519188864,347.71896145046145,338.34532808699475,329.10598038384614,325.5455451249327,325.72801568725515,329.5810071971349,336.87571563539126,348.1330432292187,360.5031163407273,371.092118250396,371.1403929700799,367.7287646114085,364.47141184924936,355.33537763030716,342.6074559285146,332.4185420999592,322.74418859048313,313.2659824524071,306.1026087102298
