,2019-09-09,2019-09-10,2019-09-11,2019-09-12,2019-09-13,2019-09-14,2019-09-15,2019-09-16,2019-09-17,2019-09-18,2019-09-19,2019-09-20,2019-09-21,2019-09-22,2019-09-23,2019-09-24,2019-09-25,2019-09-26,2019-09-27,2019-09-28,2019-09-29,2019-09-30,2019-10-01,2019-10-02,2019-10-03,2019-10-04,2019-10-05,2019-10-06,2019-10-07,2019-10-08
118,17.444989622,15.491259086000001,14.023206164000001,13.365631508,13.518194792000003,13.670806694000001,13.661245154000001,13.165244318000001,13.15482386,13.629983780000002,14.26687958,22.034577439999996,26.903602579399422,31.404351566829874,31.823865245515815,31.86759056561881,25.222589266272088,21.949693066872673,18.072388899442213,17.627269740756272,16.746828640653284,16.39569974,15.246370220000003,14.582572460000002,13.918774700000002,13.903054880000001,14.049233000000003,14.357147000000003,14.430074,15.097221
117,21.13814,19.534619999999997,17.73068,16.926560000000002,16.72244,17.11832,16.913980000000002,17.70946,17.30474,17.9,17.89526,18.49034,18.28201111111111,19.29773407407408,19.233277037037038,19.19137777777778,19.169015555555553,18.367084444444448,17.741081481481483,17.79487851851852,17.42591777777778,17.037200000000002,17.83126,17.225340000000003,16.2194,17.21326,17.60734,17.6014,18.398325,19.395333333333333
161,60.24333333333334,51.895,50.54633333333334,49.197,51.51533333333333,45.50033333333334,43.48499999999999,43.802,45.784333333333336,44.766,46.080333333333336,54.394666666666666,71.70966666666665,80.4310585687502,85.01024343183724,79.51226379257714,70.9535657139554,65.7340980636502,59.52307770291028,56.299050546115154,48.87533333333334,45.184666666666665,47.826,47.135,45.11033333333333,39.41833333333333,42.059000000000005,52.699666666666666,61.674,67.828
237,262.57935732191703,212.29885797096557,199.05170305944355,190.29443518062362,185.89461155769249,182.6029161494518,173.0360171494175,161.18477779214086,156.47551735666082,154.1869478435645,158.26900343588616,160.29766335955998,164.54700648504604,179.0699524826268,197.4420107082594,206.44032390441862,199.4632101477603,194.9167336054805,210.62122704208804,189.07995025406626,176.07210916224597,171.50176922579595,161.98225423608935,154.18473413344566,149.3431288179796,142.76931380149983,137.23026848138645,137.74641384199586,138.84404678864988,141.53064728032825
238,312.98293240860846,270.57423290757134,239.5632916485515,228.7296076144713,222.57658966359284,218.58732019244525,211.50245342722303,200.15182053746275,190.93164243552155,187.44857008343746,187.51765876748982,190.99624141994363,193.39909290564162,202.69830919496718,218.55047448990774,232.5079315730194,233.44874672052913,227.74336943217054,233.1030385015607,229.9075374202938,212.1686276637144,203.79414586069043,196.97763819207213,188.23441869866426,181.63593435350043,175.78112069862712,169.7184585831006,166.7253308422488,167.27521359311092,169.2239833511839
239,386.9160410995132,355.52978856985476,320.2685029966061,299.6704330506342,291.99578759148255,286.64853408292703,279.85016546417563,269.39806206385686,257.30425668712786,250.98311229464827,247.68373284087022,250.27184330605922,251.79622492021022,257.4800108454039,268.91028752827884,284.338942468527,291.6538146992342,289.3800802738702,288.78522233229506,289.3341543121511,277.9735487839846,265.71455046591143,258.5585300714783,250.61570192532162,242.40821130264487,235.8985386309992,229.9278106251055,224.4731789518763,222.7570821497984,224.1154075259053
240,478.55285345751787,444.10318192893396,413.2985412580075,377.4613664321552,354.5739832704878,343.3358319210362,335.9457865105103,329.4815917086123,319.5924004222612,306.6642516517278,299.79384244310046,296.96785387706524,300.35511615915664,302.5168311894872,310.68930658877076,321.2968921082031,339.5032639948794,346.0862200511809,347.6010372680224,342.63176492569244,342.19097407748995,329.2891814079179,316.7935149488276,305.2849109314117,298.9026599724259,289.50928127680766,281.0487710653738,275.352386581879,270.9436581338082,266.8485307242785
242,531.9798420404007,483.0553122350743,450.20485672884496,416.5476934846815,386.9479920204645,369.0560066356961,358.9666598278656,352.0135370366674,343.9012899968144,332.1549319098422,322.26113347555884,317.67974181144194,318.50104211191734,321.4906812573186,327.73163867712356,337.16801921109044,352.68353050997274,364.6064262317995,369.57336376815095,366.52777729260805,363.33746815546374,355.5977663354214,342.71482778082867,329.3732133482456,320.7654492807608,312.51326493878366,302.91706532064273,295.8760464808051,291.2250940154057,286.3285123797384
243,662.3998752929549,591.8149105099258,523.3012168112913,478.42275986645353,444.8011570130421,412.3487811186272,386.00368986474876,370.20384112421476,360.97929387609776,352.96152638781524,343.5839110306266,333.2920613488905,323.82141603571984,320.5230804579894,321.6310118982676,325.2067610090952,332.7173376201392,343.9585909246999,357.3248029324929,367.89399069525274,370.920418895297,367.89412762736964,364.08747317664364,354.58443018883656,342.85633750601664,331.4831641567713,324.1206203381236,315.6692357749892,308.0572958329057,301.42764989223326
