,2019-09-01,2019-09-02,2019-09-03,2019-09-04,2019-09-05,2019-09-06,2019-09-07,2019-09-08,2019-09-09,2019-09-10,2019-09-11,2019-09-12,2019-09-13,2019-09-14,2019-09-15,2019-09-16,2019-09-17,2019-09-18,2019-09-19,2019-09-20,2019-09-21,2019-09-22,2019-09-23,2019-09-24,2019-09-25,2019-09-26,2019-09-27,2019-09-28,2019-09-29,2019-09-30
74,157.3221851997169,172.16497641577556,179.718008189109,191.2558497748808,229.52807950493465,282.7190135362064,306.04161024014513,293.88944093394093,279.6659777414433,268.1790186983931,253.1871248582674,239.23848234388018,233.59134353760524,224.31665305636488,215.23778329418744,206.59807244260645,196.9031587832074,184.89091740426906,183.5315197090994,214.43309824513668,301.11341627375845,419.20153582845035,500.5712570260022,579.1999294590531,610.2911226479893,591.2811325557784,544.9541463129667,495.253490045175,455.06615025661256,420.2898054471711
76,206.43019070409224,216.10233904172242,221.33246096460894,223.5823907653724,244.12226025055818,288.7293706039173,326.0373504917188,331.44101123625205,315.86000816969573,302.80914679200697,289.1693910375557,274.01894656329995,263.4601898966657,254.37066225083643,247.0043451507463,238.5181283237912,229.83255740945464,220.8727305413644,220.12136735982926,239.5063287883355,296.90446042805706,393.29004797150003,489.02821555896367,564.959503778046,620.1627514373625,625.9988189795735,594.9196815701575,544.8669590239192,498.1591017095418,458.40089028661185
71,35.2784320987654,44.1048024691358,46.77376543209876,43.04082716049391,37.71496296296289,34.08817283950617,30.91354320987646,28.322246913580344,25.96518518518523,24.534049382716077,23.102580246913476,22.134074074074082,21.125444444444458,20.15693827160495,19.124827160493826,18.265555555555522,17.798259259259314,18.821703703703665,24.92539506172837,34.33430864197528,39.38398765432097,38.356172839506236,32.989185185185214,29.052419753086507,26.714753086419744,24.742493827160512,23.26902469135796,21.56253086419756,20.092481481481414,19.85899999999998
72,36.828930331687275,45.88155424938271,48.76383860740741,45.21614329053503,39.84910362386822,36.04728573127569,32.746695130864154,30.04779131604948,27.55219215144039,26.03827696625516,24.582457863785894,23.54385381069963,22.513405098765407,21.45742315637863,20.5187104716049,19.663753744855978,19.18566798765439,20.173466518518474,26.156741041152184,35.559669473251,40.9839718477366,40.21607225925931,34.96515182304527,30.70799924279848,28.186471604938276,26.102957098765454,24.626369378600728,22.83561927572022,21.27376530041147,20.83447108456789
73,45.32353675202704,55.31615553703705,57.45434473240741,52.986973175102825,47.05624768034956,43.00242771149166,39.30885773206796,36.32732905030877,33.33735874063796,31.72719762736623,30.168885270545083,28.972111410977575,27.839755036110937,26.447002258847835,25.854145362468955,25.068259573436393,24.64996998734583,25.884428468209784,32.712558205040864,42.943721717386815,48.7121274289094,47.41615101234574,41.513039411316754,36.371387365329525,33.51597938765435,31.074323464506218,29.706991099588247,27.52244484207838,25.653171360905333,24.715988515571027
77,266.6787320636224,290.12229437979056,307.4103509888685,304.7097098595993,306.518945828855,330.7376427464302,365.8124160943269,381.69826255371163,371.83725995507433,354.15631423074996,338.2618130700135,322.2809034956002,307.99138920955886,296.16668708867184,286.7522070062093,277.4295303233894,268.01068801493835,258.8434566969046,261.1170723322466,283.6199396636472,334.4274082498441,413.7305445860057,503.5575885414327,581.0824382883019,640.9607058192075,666.9420815161411,651.3066653250254,607.071588832515,556.1458687555267,511.6105053423275
78,268.1979219186796,291.19303489620205,312.86942643878973,316.68739670049865,314.8507412120355,328.20965406781085,357.9886049030735,381.1563022326716,381.4208673341362,366.5101511714407,349.49066433143156,333.4565926330871,318.3302100880018,305.18976734274503,294.6542884479763,285.0269993116017,275.5434077916076,265.9098064868263,264.3794500397427,280.06032390519357,320.8087022648543,388.3944732607532,472.98003904148607,554.5965482271066,621.1712815331821,660.7568597905671,662.1631351824346,629.2221798155056,580.8502373801977,533.6209214311602
222,312.8204774284043,350.1953465108705,383.8300624673257,383.28563884182404,372.578058438844,370.43237813757025,388.9333563197556,410.2133768279607,415.6692855089025,403.63975796479343,385.05791593636195,368.0784193569132,351.7675355971713,336.03759235624165,323.7493520027493,312.09507027273304,301.89751422335735,290.0542302077435,291.3927537222563,310.41483003628895,352.22819975299717,410.2804127071125,482.8335033082288,559.1234510182958,627.471731235217,674.3684391706231,688.8544654687679,665.460895482368,621.6645805130378,573.7913190667533
81,325.9568222078944,367.27460767424583,405.87193953195316,408.29578798602614,395.652339911687,388.2301164225577,400.65759942068894,419.72171877763986,427.0926023114842,417.5861608698164,399.49616569228544,381.9782906998536,365.2250132693393,348.711647420324,335.4385711875049,323.0411511887093,312.29964528919913,299.9698241554413,300.7714819900656,319.79581391531065,360.8401299509044,415.8667418972273,483.4338663218847,556.5725999120324,625.0698179678033,675.2438039063028,695.7969439899877,678.8670885628682,638.7845436872035,591.6888312013951
