,2019-09-01,2019-09-02,2019-09-03,2019-09-04,2019-09-05,2019-09-06,2019-09-07,2019-09-08,2019-09-09,2019-09-10,2019-09-11,2019-09-12,2019-09-13,2019-09-14,2019-09-15,2019-09-16,2019-09-17,2019-09-18,2019-09-19,2019-09-20,2019-09-21,2019-09-22,2019-09-23,2019-09-24,2019-09-25,2019-09-26,2019-09-27,2019-09-28,2019-09-29,2019-09-30
118,28.839249956000003,31.913738834000004,37.256759798000004,33.037592522000004,29.790623186000005,27.83964767,25.725801854000004,20.208209858,17.444989622,15.491259086000001,14.023206164000001,13.365631508,13.518194792000003,13.670806694000001,13.661245154000001,13.165244318000001,13.15482386,13.629983780000002,14.26687958,22.034577439999996,26.8851953,31.411531099999994,31.886204839999998,31.8742124,25.21694966,21.962460739999997,18.05956976,17.72135054,17.795452475,17.6534474
117,26.890833333333337,34.556200000000004,35.5549,23.552500000000002,23.883533333333332,24.3475,23.94478,23.141659999999998,21.13814,19.534619999999997,17.73068,16.926560000000002,16.72244,17.11832,16.913980000000002,17.70946,17.30474,17.9,17.89526,18.49034,18.285400000000003,19.280660000000005,19.275740000000003,19.2706,19.265459999999997,18.460140000000003,17.854599999999998,17.24886,17.196,16.10966666666667
161,257.986,292.97999999999996,175.97299999999998,131.96499999999997,110.955,127.945,114.93499999999999,66.92399999999999,60.24333333333334,51.895,50.54633333333334,49.197,51.51533333333333,45.50033333333334,43.48499999999999,43.802,45.784333333333336,44.766,46.080333333333336,54.394666666666666,71.70966666666665,80.35799999999999,85.00633333333333,79.653,70.96533333333333,65.61000000000001,59.254333333333335,56.23233333333334,50.87533333333334,47.0305
237,180.5636883564922,277.11058410222205,501.67756857830193,532.6910493934386,414.87910895822426,338.0345026243204,298.162474576638,292.61596912342964,257.47491177712527,208.51827716057983,195.43406675984983,185.8877833007296,181.5904453561789,177.56461460154438,168.37816947803884,157.32567285031874,152.76264155723285,150.39813445421754,154.26479862956597,156.07300718278364,159.82348633247494,174.42913661312923,192.7345014915697,201.3274577280442,194.49136291383363,189.5311955820903,203.56490324080568,182.04144011235013,169.10914683440961,164.74131739405982
238,213.6783288879055,268.5423295460214,433.362491451373,564.2264807636326,521.9902647035873,421.49916919680425,359.007421639352,332.8615834055894,310.03899286695867,266.854078091093,235.78194349356156,224.7585833247276,217.45756059511228,213.1859713121799,205.77958303424717,195.8095816753064,187.09615600934114,183.739606766828,183.68587528076768,186.8894257061732,189.7122305798559,199.516729517265,215.3685240245908,228.17991664871073,228.9586496098247,223.11364116462494,227.41837615033756,222.55459960435326,204.72940858449812,195.66358394757395
239,283.7235333628092,317.5021923817736,435.5466126715365,589.3025242062383,635.8540220823331,558.4051705199034,468.9611256507633,418.03044960889036,388.777064423339,353.58754198029544,316.3595244442049,295.87336036160104,285.9815738413847,279.9836209165801,272.60496920348186,264.20435023875916,253.12016478987346,247.29146602201914,244.03789000093334,246.317194360134,249.41398999981317,256.9328866955095,268.59950358886596,281.70404656939553,288.3072932230889,285.8763621742547,284.6597951901987,282.2275392705506,269.7338396006122,255.4884129512326
240,328.23851651664705,330.47486542790466,361.78744590059426,467.1804204933879,608.8840311920497,671.1179150592613,618.4476627809556,527.8385574418248,469.608431035389,436.18107686808827,402.37477740035433,365.69594356645155,342.3916839432566,329.5287745864397,322.78905866704383,315.7516862592911,308.9881659230768,299.0054407695089,294.41804074863626,293.35119993309854,298.1917959019563,304.8914760971027,319.83407619501895,339.3337960416403,357.45936253178525,367.94849143136395,365.8260569372374,353.6398489729947,344.499273233022,327.1321396059721
242,345.09184819920665,348.1683330098521,365.0834525152924,432.2851253548826,552.4999572117504,655.154450337486,664.30760606096,592.8025081682947,517.3195974396148,470.5924483627762,437.04924544166545,401.9755067946326,371.6910525821176,352.87087637916386,342.8418435285757,335.986870957204,329.63714159408187,321.61223140176816,315.02445883215694,313.12550341003123,316.2321442465985,323.41410117288007,337.1855489049446,357.649619411758,378.619557155179,394.24425164595056,398.3319711234201,387.36711114436946,373.82907805746925,358.16710712928534
243,345.5340162895999,345.9772882029844,351.0023925764713,357.14779677510114,386.5237542966187,467.2326470651313,583.373612334454,661.9550050778782,650.7621583973172,578.4832844702514,510.3341665989764,466.9305583467841,433.57711616085953,398.7472713208687,371.6545836742363,354.03378935699305,344.8750468777964,338.50743417197924,332.0951702364797,323.84838635460335,319.3760643417051,319.3663740159986,325.48609665277206,334.7872142170074,350.2835925633937,372.28839218094663,392.77698760326876,406.25915160791044,406.96561312865754,394.6543462059783
