,2019-09-07,2019-09-08,2019-09-09,2019-09-10,2019-09-11,2019-09-12,2019-09-13,2019-09-14,2019-09-15,2019-09-16,2019-09-17,2019-09-18,2019-09-19,2019-09-20,2019-09-21,2019-09-22,2019-09-23,2019-09-24,2019-09-25,2019-09-26,2019-09-27,2019-09-28,2019-09-29,2019-09-30,2019-10-01,2019-10-02,2019-10-03,2019-10-04,2019-10-05,2019-10-06
118,25.725801854000004,20.208209858,17.444989622,15.491259086000001,14.023206164000001,13.365631508,13.518194792000003,13.670806694000001,13.661245154000001,13.165244318000001,13.15482386,13.629983780000002,14.26687958,22.034577439999996,26.903602579399422,31.404351566829874,31.823865245515815,31.86759056561881,25.222589266272088,21.874928875532312,18.002594836697995,17.47784755390565,16.597406453802662,16.246277553149376,15.171712224489745,14.3408843358936,13.918774700000002,14.065114880000001,13.449611,13.509032999999999
117,23.94478,23.141659999999998,21.13814,19.534619999999997,17.73068,16.926560000000002,16.72244,17.11832,16.913980000000002,17.70946,17.30474,17.9,17.89526,18.49034,18.28201111111111,19.29773407407408,19.233277037037038,19.19137777777778,19.169015555555553,18.413102962962967,17.770340740740743,17.806915555555555,17.437954814814816,17.049237037037038,17.797278518518517,17.808117777777777,17.219399999999997,18.01326,17.91025,18.073999999999998
161,114.93499999999999,66.92399999999999,60.24333333333334,51.895,50.54633333333334,49.197,51.51533333333333,45.50033333333334,43.48499999999999,43.802,45.784333333333336,44.766,46.080333333333336,54.394666666666666,71.70966666666665,80.4310585687502,85.01024343183724,79.51226379257714,70.9535657139554,65.7340980636502,59.601686258117304,56.430439181603525,48.75326228366069,44.98398706178699,47.57254031483899,47.135,46.443666666666665,44.085,49.725666666666676,51.879000000000005
237,299.3790628250639,293.72541101199255,258.4958008860837,209.46342236317633,196.33667780477833,186.76770580070843,182.45058771908177,179.24067609371983,169.9266060525079,158.97363094868143,154.33605150370784,152.07702958190885,156.0417260882872,157.93152546548083,162.05643264819304,176.81708328779112,195.46210120113443,204.33383387517603,197.40835496370727,192.70927851063618,207.83890920514574,186.4623635747369,173.59070052426512,168.8667001872653,160.4964427310374,152.5928255693077,149.18400559755702,144.43911378822924,140.7246198318672,144.6504037999988
238,357.10083934690067,330.74015207408667,308.7113075490549,267.1147368857601,236.78806121732427,224.79180682495954,218.27276662655285,213.5419650452754,206.6670474064595,195.90719067839103,187.96606433731617,184.4863946539116,184.49787099064088,187.07406311021722,189.38029432906612,198.03268168468026,214.1725344555961,227.3874073603936,228.15596810277296,221.60870180939176,227.43906202455912,223.9650200399393,207.30040853283947,198.2420675224362,192.1541960175042,183.78422560851536,178.55541943066694,174.26095179011466,170.0098762544825,169.54623228257776
239,462.3302411341725,409.6972447524745,382.4487171004919,351.6642281291724,317.1511397700869,294.74217578903153,286.30030389610937,278.81434596860265,271.8322295221874,261.80979007455977,252.17868834737982,246.40793711288265,243.05508164200486,243.67349268005842,244.76576190422293,248.72437632728492,260.0373331430204,273.66901009814933,280.26714645565346,275.9636927850905,276.7886452317931,277.2922879378008,268.10701465491775,254.7443245646832,248.05481878574852,240.3775475954354,234.40049074029392,229.2201739144018,224.9062626025259,221.45360417219172
240,622.1069952354337,533.4191037371946,473.54570588864743,439.53639917023395,409.3076134093379,374.1881287860187,350.0229955995276,336.108113538255,326.8683546223579,318.1319436196119,308.5489772761358,295.98260719054633,290.0778652144998,285.6441097373234,285.80909705267965,285.56385836583956,287.2985082724756,295.8134482508769,307.6342807325119,313.3440434756313,313.01565709425745,313.82485249429885,315.3649276073786,310.8700949221816,299.64321827791713,290.06779712859804,285.5527563323097,279.52873726288834,273.6080339406256,270.663585718426
242,671.5336958933682,602.01917897577,526.8501572777161,478.249998537532,445.9020074705756,412.8857069788395,383.0891189462837,362.61032239774414,350.22458365327145,340.56453603794205,331.3635772844025,319.2868461146867,310.0382695978157,304.5799200078297,302.40150928834055,301.88952677120506,301.90963517860143,306.2522820588818,315.7583486938542,323.84927063607654,327.4640789971399,328.07256966742983,329.59941057668107,329.42809207110633,322.34723947874187,311.28693931596695,305.1977687840043,300.112384210675,293.9090028304609,289.9641875301421
243,583.7296219672786,666.4152335101294,656.2051395052384,585.4946973766532,515.9669105291779,471.4553638660309,438.3747932841493,406.3538428119703,379.2183520948629,360.9102493782926,349.2896531621375,340.11435539717627,329.8395971110211,318.33329690610384,310.2810983907956,304.45011661367175,302.85476850032654,302.2556256190862,303.81788205740156,309.7349564954029,318.7716550524259,325.40864248824727,329.44665499804563,329.9089634661714,331.5287657915573,329.1517436849201,321.21050594598455,311.98102288667985,306.86416441844966,301.0964171989549
