&                     PESADA              MEDIA               LEVE             
&   5     10  15   20        30        40        50        60        70        
&   ++    +   +    +--------++--------++--------++--------++--------++--------+
&   IP    S  PAT     MWmed    Pat_1(h)   MWmed    Pat_2(h)   MWmed    Pat_3(h) 
&   ++    +   +    +--------++--------++--------++--------++--------++--------+
DP   1    1   3       41537.0      60.0   37675.0      33.0   30433.0      75.0
DP   1    2   3       12513.0      60.0   11312.0      33.0    8414.0      75.0
DP   1    3   3       10939.0      60.0   10463.0      33.0    9179.0      75.0
DP   1    4   3        5742.0      60.0    5514.0      33.0    5203.0      75.0
DP   1   11   3                    60.0                33.0                75.0
&                                                                              
DP   2    1   3       41871.0      60.0   38026.0      33.0   30789.0      75.0
DP   2    2   3       12800.0      60.0   11545.0      33.0    8608.0      75.0
DP   2    3   3       11214.0      60.0   10742.0      33.0    9412.0      75.0
DP   2    4   3        5724.0      60.0    5519.0      33.0    5238.0      75.0
DP   2   11   3                    60.0                33.0                75.0
&                                                                              
DP   3    1   3       41890.0      60.0   38044.0      33.0   30803.0      75.0
DP   3    2   3       12830.0      60.0   11572.0      33.0    8628.0      75.0
DP   3    3   3       11300.0      60.0   10825.0      33.0    9485.0      75.0
DP   3    4   3        5785.0      60.0    5577.0      33.0    5294.0      75.0
DP   3   11   3                    60.0                33.0                75.0
&                                                                              
DP   4    1   3       42131.0      60.0   38263.0      33.0   30981.0      75.0
DP   4    2   3       12863.0      60.0   11601.0      33.0    8649.0      75.0
DP   4    3   3       11322.0      60.0   10846.0      33.0    9503.0      75.0
DP   4    4   3        5788.0      60.0    5581.0      33.0    5297.0      75.0
DP   4   11   3                    60.0                33.0                75.0
&                                                                              
DP   5    1   3       42224.0      60.0   38347.0      33.0   31049.0      75.0
DP   5    2   3       12875.0      60.0   11612.0      33.0    8658.0      75.0
DP   5    3   3       11358.0      60.0   10881.0      33.0    9534.0      75.0
DP   5    4   3        5826.0      60.0    5617.0      33.0    5331.0      75.0
DP   5   11   3                    60.0                33.0                75.0
&                                                                              
DP   6    1   3       42955.0     252.0   39092.0     145.0   31647.0     347.0
DP   6    2   3       13123.0     252.0   11823.0     145.0    8856.0     347.0
DP   6    3   3       11561.0     252.0   11050.0     145.0    9628.0     347.0
DP   6    4   3        5940.0     252.0    5661.0     145.0    5338.0     347.0
DP   6   11   3                   252.0               145.0               347.0
&                                                                              
