&                     PESADA              MEDIA               LEVE             
&   5    10   15   20        30        40        50        60        70        
&   ++   +    +    +--------++--------++--------++--------++--------++--------+
&   IP   S   PAT     MWmed    Pat_1(h)   MWmed    Pat_2(h)   MWmed    Pat_3(h) 
&   ++   +    +    +--------++--------++--------++--------++--------++--------+
DP   1   1    3       43598.0      60.0   39876.0      33.0   32144.0      75.0
DP   1   2    3       13357.0      60.0   12114.0      33.0    9016.0      75.0
DP   1   3    3       11283.0      60.0   10744.0      33.0    9245.0      75.0
DP   1   4    3        6008.0      60.0    5731.0      33.0    5384.0      75.0
DP   1  11    3                    60.0                33.0                75.0
&                                                                              
DP   2   1    3       44984.0      50.0   42422.0      38.0   33382.0      80.0
DP   2   2    3       13555.0      50.0   12471.0      38.0    9320.0      80.0
DP   2   3    3       11369.0      50.0   11004.0      38.0    9360.0      80.0
DP   2   4    3        5976.0      50.0    5899.0      38.0    5351.0      80.0
DP   2  11    3                    50.0                38.0                80.0
&                                                                              
DP   3   1    3       46515.0     160.0   43688.0     128.0   34275.0     288.0
DP   3   2    3       13614.0     160.0   12460.0     128.0    9257.0     288.0
DP   3   3    3       12110.0     160.0   11689.0     128.0    9916.0     288.0
DP   3   4    3        6082.0     160.0    5993.0     128.0    5418.0     288.0
DP   3  11    3                   160.0               128.0               288.0
&                                                                              
