&                     PESADA              MEDIA               LEVE             
&   5    10   15   20        30        40        50        60        70        
&   ++   +    +    +--------++--------++--------++--------++--------++--------+
&   IP   S   PAT     MWmed    Pat_1(h)   MWmed    Pat_2(h)   MWmed    Pat_3(h) 
&   ++   +    +    +--------++--------++--------++--------++--------++--------+
DP   1   1    3       45665.0      40.0   43068.0      46.0   35553.0      82.0
DP   1   2    3       15428.0      40.0   13824.0      46.0   11059.0      82.0
DP   1   3    3       13293.0      40.0   12620.0      46.0   11104.0      82.0
DP   1   4    3        6014.0      40.0    5949.0      46.0    5607.0      82.0
DP   1  11    3                    40.0                46.0                82.0
&                                                                              
DP   2   1    3       46935.0      40.0   44265.0      46.0   36540.0      82.0
DP   2   2    3       15569.0      40.0   13950.0      46.0   11159.0      82.0
DP   2   3    3       13202.0      40.0   12533.0      46.0   11029.0      82.0
DP   2   4    3        5947.0      40.0    5884.0      46.0    5546.0      82.0
DP   2  11    3                    40.0                46.0                82.0
&                                                                              
DP   3   1    3       45499.0      32.0   42688.0      41.0   34706.0      95.0
DP   3   2    3       14014.0      32.0   12441.0      41.0    9663.0      95.0
DP   3   3    3       12595.0      32.0   11911.0      41.0   10248.0      95.0
DP   3   4    3        5842.0      32.0    5763.0      41.0    5321.0      95.0
DP   3  11    3                    32.0                41.0                95.0
&                                                                              
DP   4   1    3       44941.0      32.0   41748.0      41.0   33913.0      95.0
DP   4   2    3       14656.0      32.0   12754.0      41.0    9905.0      95.0
DP   4   3    3       12603.0      32.0   11884.0      41.0   10227.0      95.0
DP   4   4    3        5836.0      32.0    5762.0      41.0    5313.0      95.0
DP   4  11    3                    32.0                41.0                95.0
&                                                                              
DP   5   1    3       48270.0     160.0   44950.0     184.0   37443.0     328.0
DP   5   2    3       15701.0     160.0   13690.0     184.0   11088.0     328.0
DP   5   3    3       12952.0     160.0   12176.0     184.0   10762.0     328.0
DP   5   4    3        5970.0     160.0    5871.0     184.0    5487.0     328.0
DP   5  11    3                   160.0               184.0               328.0
&                                                                              
