&                     PESADA              MEDIA               LEVE             
&   5    10   15   20        30        40        50        60        70        
&   ++   +    +    +--------++--------++--------++--------++--------++--------+
&   IP   S   PAT     MWmed    Pat_1(h)   MWmed    Pat_2(h)   MWmed    Pat_3(h) 
&   ++   +    +    +--------++--------++--------++--------++--------++--------+
DP   1   1    3       43201.0      60.0   39345.0      33.0   31646.0      75.0
DP   1   2    3       13319.0      60.0   12074.0      33.0    8907.0      75.0
DP   1   3    3       11071.0      60.0   10584.0      33.0    9166.0      75.0
DP   1   4    3        5767.0      60.0    5542.0      33.0    5238.0      75.0
DP   1  11    3                    60.0                33.0                75.0
&                                                                              
DP   2   1    3       43168.0      60.0   39414.0      33.0   31722.0      75.0
DP   2   2    3       13346.0      60.0   12086.0      33.0    8940.0      75.0
DP   2   3    3       11149.0      60.0   10641.0      33.0    9210.0      75.0
DP   2   4    3        5882.0      60.0    5636.0      33.0    5319.0      75.0
DP   2  11    3                    60.0                33.0                75.0
&                                                                              
DP   3   1    3       44747.0     240.0   41013.0     136.0   33159.0     320.0
DP   3   2    3       13375.0     240.0   12128.0     136.0    9079.0     320.0
DP   3   3    3       11783.0     240.0   11240.0     136.0    9687.0     320.0
DP   3   4    3        6007.0     240.0    5735.0     136.0    5387.0     320.0
DP   3  11    3                   240.0               136.0               320.0
&                                                                              
